estado,edad,Poblacion,hombres,mujeres
Total,0,10047365,5077482,4969883
Total,5,10764379,5453091,5311288
Total,10,10943540,5554260,5389280
Total,15,10806690,5462150,5344540
Total,20,10422095,5165884,5256211
Total,25,9993001,4861404,5131597
Total,30,9420827,4527726,4893101
Total,35,9020276,4331530,4688746
Total,40,8503586,4062304,4441282
Total,45,7942413,3812344,4130069
Total,50,7037532,3332163,3705369
Total,55,5695958,2692976,3002982
Total,60,4821062,2257862,2563200
Total,65,3645077,1706850,1938227
Total,70,2647340,1233492,1413848
Total,75,1814582,847898,966684
Total,80,1175364,523812,651552
Total,85,1039551,433968,605583
Total,NE,273386,136194,137192
Aguascalientes,0,124430,62978,61452
Aguascalientes,5,131048,66359,64689
Aguascalientes,10,129717,66080,63637
Aguascalientes,15,131967,66903,65064
Aguascalientes,20,127020,63154,63866
Aguascalientes,25,118426,58141,60285
Aguascalientes,30,106825,51651,55174
Aguascalientes,35,99257,47774,51483
Aguascalientes,40,92378,43839,48539
Aguascalientes,45,84669,40163,44506
Aguascalientes,50,74121,34611,39510
Aguascalientes,55,58865,27608,31257
Aguascalientes,60,48306,22435,25871
Aguascalientes,65,35823,16698,19125
Aguascalientes,70,25586,11782,13804
Aguascalientes,75,16581,7739,8842
Aguascalientes,80,10186,4397,5789
Aguascalientes,85,8894,3622,5272
Aguascalientes,NE,1508,749,759
Baja California,0,266301,134410,131891
Baja California,5,299654,152609,147045
Baja California,10,312348,159306,153042
Baja California,15,315639,161298,154341
Baja California,20,340359,173450,166909
Baja California,25,328244,166250,161994
Baja California,30,302389,152164,150225
Baja California,35,292069,148169,143900
Baja California,40,273611,138332,135279
Baja California,45,260844,134187,126657
Baja California,50,221388,112789,108599
Baja California,55,168653,84778,83875
Baja California,60,134022,65287,68735
Baja California,65,94704,44982,49722
Baja California,70,65425,30812,34613
Baja California,75,40874,18833,22041
Baja California,80,25204,11060,14144
Baja California,85,19073,7777,11296
Baja California,NE,8219,4096,4123
Baja California Sur,0,62455,31479,30976
Baja California Sur,5,66933,33962,32971
Baja California Sur,10,67665,34455,33210
Baja California Sur,15,65469,33788,31681
Baja California Sur,20,66743,34418,32325
Baja California Sur,25,68798,35046,33752
Baja California Sur,30,67779,34653,33126
Baja California Sur,35,64927,33289,31638
Baja California Sur,40,59389,30390,28999
Baja California Sur,45,51771,26718,25053
Baja California Sur,50,43337,21910,21427
Baja California Sur,55,33731,16905,16826
Baja California Sur,60,27095,13415,13680
Baja California Sur,65,19274,9587,9687
Baja California Sur,70,12545,6165,6380
Baja California Sur,75,8166,3984,4182
Baja California Sur,80,4649,2134,2515
Baja California Sur,85,3879,1668,2211
Baja California Sur,NE,3842,1913,1929
Campeche,0,78935,39817,39118
Campeche,5,82015,41624,40391
Campeche,10,80168,41047,39121
Campeche,15,76140,38468,37672
Campeche,20,75556,37277,38279
Campeche,25,72798,35046,37752
Campeche,30,72709,34557,38152
Campeche,35,70275,33611,36664
Campeche,40,64170,30761,33409
Campeche,45,57628,28036,29592
Campeche,50,50254,24392,25862
Campeche,55,40805,19857,20948
Campeche,60,32778,16020,16758
Campeche,65,25796,12530,13266
Campeche,70,17559,8668,8891
Campeche,75,11916,5984,5932
Campeche,80,7536,3718,3818
Campeche,85,7031,3376,3655
Campeche,NE,4294,2150,2144
Coahuila de Zaragoza,0,279912,141812,138100
Coahuila de Zaragoza,5,276224,140417,135807
Coahuila de Zaragoza,10,268144,136301,131843
Coahuila de Zaragoza,15,269284,136850,132434
Coahuila de Zaragoza,20,264313,133659,130654
Coahuila de Zaragoza,25,245917,122570,123347
Coahuila de Zaragoza,30,224329,110882,113447
Coahuila de Zaragoza,35,219634,109371,110263
Coahuila de Zaragoza,40,218687,106991,111696
Coahuila de Zaragoza,45,205202,100846,104356
Coahuila de Zaragoza,50,178214,86423,91791
Coahuila de Zaragoza,55,142215,69115,73100
Coahuila de Zaragoza,60,118950,57307,61643
Coahuila de Zaragoza,65,84422,40630,43792
Coahuila de Zaragoza,70,61684,29458,32226
Coahuila de Zaragoza,75,39801,18836,20965
Coahuila de Zaragoza,80,24851,11199,13652
Coahuila de Zaragoza,85,18829,7928,10901
Coahuila de Zaragoza,NE,6159,3074,3085
Colima,0,52313,26532,25781
Colima,5,60049,30646,29403
Colima,10,60801,30952,29849
Colima,15,60663,30667,29996
Colima,20,59343,29637,29706
Colima,25,58035,28584,29451
Colima,30,57436,27688,29748
Colima,35,54566,26634,27932
Colima,40,51179,24786,26393
Colima,45,47133,23147,23986
Colima,50,41541,20037,21504
Colima,55,34819,16843,17976
Colima,60,29795,14473,15322
Colima,65,22071,10602,11469
Colima,70,16086,7710,8376
Colima,75,10803,5101,5702
Colima,80,6859,3103,3756
Colima,85,5943,2505,3438
Colima,NE,1956,975,981
Chiapas,0,574152,288911,285241
Chiapas,5,612792,308758,304034
Chiapas,10,583132,295114,288018
Chiapas,15,526577,262521,264056
Chiapas,20,464523,223732,240791
Chiapas,25,424403,198455,225948
Chiapas,30,396045,184761,211284
Chiapas,35,372863,174270,198593
Chiapas,40,329204,156472,172732
Chiapas,45,284333,135809,148524
Chiapas,50,243848,117157,126691
Chiapas,55,196355,94905,101450
Chiapas,60,158726,77668,81058
Chiapas,65,125777,62035,63742
Chiapas,70,85855,43119,42736
Chiapas,75,63158,31971,31187
Chiapas,80,38245,19047,19198
Chiapas,85,35996,17341,18655
Chiapas,NE,27844,13901,13943
Chihuahua,0,291286,147610,143676
Chihuahua,5,317322,161182,156140
Chihuahua,10,333715,169615,164100
Chihuahua,15,326333,165942,160391
Chihuahua,20,314067,157281,156786
Chihuahua,25,298299,147844,150455
Chihuahua,30,275644,135649,139995
Chihuahua,35,263669,130612,133057
Chihuahua,40,251983,124354,127629
Chihuahua,45,248522,123238,125284
Chihuahua,50,219930,107604,112326
Chihuahua,55,173639,84028,89611
Chihuahua,60,140861,66530,74331
Chihuahua,65,100944,47253,53691
Chihuahua,70,74018,34187,39831
Chihuahua,75,50265,23473,26792
Chihuahua,80,31387,14273,17114
Chihuahua,85,22346,9334,13012
Chihuahua,NE,7639,3813,3826
Ciudad de México,0,479904,242877,237027
Ciudad de México,5,563907,286280,277627
Ciudad de México,10,608962,309140,299822
Ciudad de México,15,650389,331109,319280
Ciudad de México,20,714605,359049,355556
Ciudad de México,25,752289,372081,380208
Ciudad de México,30,743611,363448,380163
Ciudad de México,35,705850,340545,365305
Ciudad de México,40,670307,317312,352995
Ciudad de México,45,668945,313846,355099
Ciudad de México,50,623483,286394,337089
Ciudad de México,55,526447,239651,286796
Ciudad de México,60,469514,209065,260449
Ciudad de México,65,356196,157245,198951
Ciudad de México,70,267744,115130,152614
Ciudad de México,75,175215,74210,101005
Ciudad de México,80,117480,46094,71386
Ciudad de México,85,105470,36668,68802
Ciudad de México,NE,9626,4783,4843
Durango,0,167600,85081,82519
Durango,5,176033,89816,86217
Durango,10,170271,86764,83507
Durango,15,162990,82839,80151
Durango,20,153588,76936,76652
Durango,25,141107,69038,72069
Durango,30,129526,63232,66294
Durango,35,118830,57634,61196
Durango,40,114976,55778,59198
Durango,45,108070,52309,55761
Durango,50,97009,45980,51029
Durango,55,79997,37971,42026
Durango,60,66536,31635,34901
Durango,65,49727,23758,25969
Durango,70,36956,17758,19198
Durango,75,25689,12593,13096
Durango,80,17026,8058,8968
Durango,85,13544,6110,7434
Durango,NE,3175,1576,1599
Guanajuato,0,538846,272745,266101
Guanajuato,5,547545,277429,270116
Guanajuato,10,549301,278676,270625
Guanajuato,15,552092,277977,274115
Guanajuato,20,540587,267148,273439
Guanajuato,25,501868,242026,259842
Guanajuato,30,462332,218363,243969
Guanajuato,35,439045,208278,230767
Guanajuato,40,407230,192549,214681
Guanajuato,45,365660,174419,191241
Guanajuato,50,318197,148310,169887
Guanajuato,55,250808,116934,133874
Guanajuato,60,214406,99483,114923
Guanajuato,65,161765,75898,85867
Guanajuato,70,118285,55393,62892
Guanajuato,75,81110,38242,42868
Guanajuato,80,54366,24455,29911
Guanajuato,85,51442,22123,29319
Guanajuato,NE,12049,6006,6043
Guerrero,0,335458,169332,166126
Guerrero,5,351010,177163,173847
Guerrero,10,348493,176233,172260
Guerrero,15,326540,162620,163920
Guerrero,20,281967,133690,148277
Guerrero,25,256191,118352,137839
Guerrero,30,237976,109644,128332
Guerrero,35,222157,102989,119168
Guerrero,40,209120,97642,111478
Guerrero,45,190778,89571,101207
Guerrero,50,174072,80393,93679
Guerrero,55,148972,69264,79708
Guerrero,60,126765,59295,67470
Guerrero,65,104196,48671,55525
Guerrero,70,77444,36646,40798
Guerrero,75,58071,27472,30599
Guerrero,80,39210,17897,21313
Guerrero,85,37848,16542,21306
Guerrero,NE,14417,7196,7221
Hidalgo,0,238189,120314,117875
Hidalgo,5,269553,136027,133526
Hidalgo,10,283676,143492,140184
Hidalgo,15,272506,137426,135080
Hidalgo,20,238187,116241,121946
Hidalgo,25,231124,108338,122786
Hidalgo,30,224226,102706,121520
Hidalgo,35,221410,101835,119575
Hidalgo,40,211048,97725,113323
Hidalgo,45,194567,91193,103374
Hidalgo,50,171679,79935,91744
Hidalgo,55,139795,65244,74551
Hidalgo,60,118929,55713,63216
Hidalgo,65,93011,44117,48894
Hidalgo,70,66179,31397,34782
Hidalgo,75,47263,22656,24607
Hidalgo,80,29997,13534,16463
Hidalgo,85,28296,11898,16398
Hidalgo,NE,3206,1588,1618
Jalisco,0,670983,339122,331861
Jalisco,5,718100,363911,354189
Jalisco,10,714906,364020,350886
Jalisco,15,716259,362796,353463
Jalisco,20,704359,351982,352377
Jalisco,25,668334,331070,337264
Jalisco,30,639006,312917,326089
Jalisco,35,602903,295336,307567
Jalisco,40,549859,266310,283549
Jalisco,45,511537,248266,263271
Jalisco,50,444689,210067,234622
Jalisco,55,357080,167535,189545
Jalisco,60,313011,144991,168020
Jalisco,65,240553,111583,128970
Jalisco,70,181420,84464,96956
Jalisco,75,120885,56892,63993
Jalisco,80,76495,33970,42525
Jalisco,85,66721,27720,39001
Jalisco,NE,51051,25503,25548
México,0,1276386,644777,631609
México,5,1381132,699573,681559
México,10,1464549,740376,724173
México,15,1476665,747531,729134
México,20,1415159,705458,709701
México,25,1367527,667933,699594
México,30,1283264,615018,668246
México,35,1254296,596686,657610
México,40,1197089,563714,633375
México,45,1145882,542558,603324
México,50,1007077,473362,533715
México,55,795711,373977,421734
México,60,661100,307001,354099
México,65,475398,221241,254157
México,70,330905,152248,178657
México,75,212562,97227,115335
México,80,130480,56251,74229
México,85,109009,42337,66672
México,NE,8227,4027,4200
Michoacán de Ocampo,0,429837,216825,213012
Michoacán de Ocampo,5,441618,223382,218236
Michoacán de Ocampo,10,426869,215932,210937
Michoacán de Ocampo,15,407743,204821,202922
Michoacán de Ocampo,20,390431,191587,198844
Michoacán de Ocampo,25,367568,176271,191297
Michoacán de Ocampo,30,345272,162946,182326
Michoacán de Ocampo,35,318438,151597,166841
Michoacán de Ocampo,40,299299,142585,156714
Michoacán de Ocampo,45,270544,129380,141164
Michoacán de Ocampo,50,243599,113217,130382
Michoacán de Ocampo,55,202399,94210,108189
Michoacán de Ocampo,60,178844,83238,95606
Michoacán de Ocampo,65,140009,66427,73582
Michoacán de Ocampo,70,106332,50515,55817
Michoacán de Ocampo,75,74938,35694,39244
Michoacán de Ocampo,80,51154,23473,27681
Michoacán de Ocampo,85,50422,22495,27927
Michoacán de Ocampo,NE,3530,1746,1784
Morelos,0,145439,73680,71759
Morelos,5,158935,80637,78298
Morelos,10,164177,83391,80786
Morelos,15,166654,84628,82026
Morelos,20,162146,79566,82580
Morelos,25,154595,74612,79983
Morelos,30,143404,67970,75434
Morelos,35,135994,63749,72245
Morelos,40,130539,60716,69823
Morelos,45,124378,58030,66348
Morelos,50,114284,52588,61696
Morelos,55,96124,44357,51767
Morelos,60,84475,39123,45352
Morelos,65,65650,30758,34892
Morelos,70,47846,22462,25384
Morelos,75,33189,15608,17581
Morelos,80,21954,9791,12163
Morelos,85,20789,8722,12067
Morelos,NE,948,459,489
Nayarit,0,103601,52602,50999
Nayarit,5,113942,58000,55942
Nayarit,10,113335,57726,55609
Nayarit,15,104256,52792,51464
Nayarit,20,97500,48537,48963
Nayarit,25,92542,45237,47305
Nayarit,30,90577,43990,46587
Nayarit,35,85180,41559,43621
Nayarit,40,81357,39971,41386
Nayarit,45,75138,37298,37840
Nayarit,50,64958,31691,33267
Nayarit,55,54507,26262,28245
Nayarit,60,47698,22763,24935
Nayarit,65,37876,18563,19313
Nayarit,70,27774,13560,14214
Nayarit,75,19910,9792,10118
Nayarit,80,13039,6345,6694
Nayarit,85,11098,5018,6080
Nayarit,NE,1168,572,596
Nuevo León,0,454909,229807,225102
Nuevo León,5,463819,235679,228140
Nuevo León,10,462720,235404,227316
Nuevo León,15,471896,240241,231655
Nuevo León,20,503826,255533,248293
Nuevo León,25,488349,248479,239870
Nuevo León,30,448470,227051,221419
Nuevo León,35,426619,215999,210620
Nuevo León,40,409490,204944,204546
Nuevo León,45,387678,194154,193524
Nuevo León,50,334439,164492,169947
Nuevo León,55,260045,126971,133074
Nuevo León,60,217238,103697,113541
Nuevo León,65,154408,72766,81642
Nuevo León,70,115822,53640,62182
Nuevo León,75,77327,35523,41804
Nuevo León,80,50350,22069,28281
Nuevo León,85,38905,15452,23453
Nuevo León,NE,18132,9049,9083
Oaxaca,0,359853,181303,178550
Oaxaca,5,388759,195501,193258
Oaxaca,10,398362,201586,196776
Oaxaca,15,358708,178973,179735
Oaxaca,20,310307,147137,163170
Oaxaca,25,307124,141381,165743
Oaxaca,30,289279,132924,156355
Oaxaca,35,276496,127897,148599
Oaxaca,40,259478,120384,139094
Oaxaca,45,233971,108738,125233
Oaxaca,50,210438,96862,113576
Oaxaca,55,179408,83007,96401
Oaxaca,60,155780,72135,83645
Oaxaca,65,127194,58872,68322
Oaxaca,70,93692,43728,49964
Oaxaca,75,73118,34298,38820
Oaxaca,80,50714,23170,27544
Oaxaca,85,50079,22279,27800
Oaxaca,NE,9388,4668,4720
Puebla,0,578779,292266,286513
Puebla,5,598550,302188,296362
Puebla,10,603375,305853,297522
Puebla,15,607200,305827,301373
Puebla,20,570646,279374,291272
Puebla,25,528289,251899,276390
Puebla,30,475854,221145,254709
Puebla,35,457864,212520,245344
Puebla,40,425089,196550,228539
Puebla,45,382865,178206,204659
Puebla,50,334597,153039,181558
Puebla,55,269080,123605,145475
Puebla,60,229364,104369,124995
Puebla,65,177876,80892,96984
Puebla,70,128374,58004,70370
Puebla,75,91494,41799,49695
Puebla,80,60354,26102,34252
Puebla,85,57957,23655,34302
Puebla,NE,5671,2822,2849
Querétaro,0,187893,94523,93370
Querétaro,5,196969,99958,97011
Querétaro,10,198601,100847,97754
Querétaro,15,198141,99841,98300
Querétaro,20,209039,104347,104692
Querétaro,25,214139,105543,108596
Querétaro,30,194576,94293,100283
Querétaro,35,182743,87967,94776
Querétaro,40,165728,79318,86410
Querétaro,45,149832,71841,77991
Querétaro,50,125857,59009,66848
Querétaro,55,97903,46132,51771
Querétaro,60,80729,37769,42960
Querétaro,65,57833,26736,31097
Querétaro,70,40979,18799,22180
Querétaro,75,27417,12516,14901
Querétaro,80,17321,7578,9743
Querétaro,85,15943,6403,9540
Querétaro,NE,6824,3400,3424
Quintana Roo,0,147731,75158,72573
Quintana Roo,5,155388,78621,76767
Quintana Roo,10,154281,78464,75817
Quintana Roo,15,147549,74516,73033
Quintana Roo,20,164989,83186,81803
Quintana Roo,25,184447,93034,91413
Quintana Roo,30,175133,88048,87085
Quintana Roo,35,161472,81665,79807
Quintana Roo,40,136731,68835,67896
Quintana Roo,45,117045,59554,57491
Quintana Roo,50,94160,47616,46544
Quintana Roo,55,66985,33514,33471
Quintana Roo,60,49321,24175,25146
Quintana Roo,65,34204,16738,17466
Quintana Roo,70,21678,10704,10974
Quintana Roo,75,12688,6268,6420
Quintana Roo,80,7421,3570,3851
Quintana Roo,85,5740,2612,3128
Quintana Roo,NE,21022,10501,10521
San Luis Potosí,0,230931,116331,114600
San Luis Potosí,5,242727,122972,119755
San Luis Potosí,10,252780,128254,124526
San Luis Potosí,15,253797,127984,125813
San Luis Potosí,20,232129,113430,118699
San Luis Potosí,25,220964,106032,114932
San Luis Potosí,30,204288,96754,107534
San Luis Potosí,35,191969,90728,101241
San Luis Potosí,40,180174,85394,94780
San Luis Potosí,45,169453,80668,88785
San Luis Potosí,50,153736,72445,81291
San Luis Potosí,55,125766,59294,66472
San Luis Potosí,60,107635,51031,56604
San Luis Potosí,65,82236,39217,43019
San Luis Potosí,70,63157,30156,33001
San Luis Potosí,75,45985,22290,23695
San Luis Potosí,80,32252,14922,17330
San Luis Potosí,85,30334,13585,16749
San Luis Potosí,NE,1942,964,978
Sinaloa,0,236236,120045,116191
Sinaloa,5,250496,127811,122685
Sinaloa,10,260172,132511,127661
Sinaloa,15,261581,132551,129030
Sinaloa,20,256990,127976,129014
Sinaloa,25,232316,113467,118849
Sinaloa,30,215491,105280,110211
Sinaloa,35,205540,100764,104776
Sinaloa,40,204309,99977,104332
Sinaloa,45,192589,94386,98203
Sinaloa,50,172094,83272,88822
Sinaloa,55,143385,68641,74744
Sinaloa,60,123628,58938,64690
Sinaloa,65,95056,45164,49892
Sinaloa,70,70677,34107,36570
Sinaloa,75,49051,23904,25147
Sinaloa,80,30957,14451,16506
Sinaloa,85,24150,10462,13688
Sinaloa,NE,2225,1108,1117
Sonora,0,218345,110604,107741
Sonora,5,246711,125202,121509
Sonora,10,258791,132191,126600
Sonora,15,255716,130755,124961
Sonora,20,247003,125586,121417
Sonora,25,227896,114152,113744
Sonora,30,215004,107455,107549
Sonora,35,207000,103839,103161
Sonora,40,203895,101577,102318
Sonora,45,192181,96274,95907
Sonora,50,170705,84122,86583
Sonora,55,140464,68807,71657
Sonora,60,121603,58841,62762
Sonora,65,87708,42358,45350
Sonora,70,61882,29386,32496
Sonora,75,41519,19677,21842
Sonora,80,26144,11839,14305
Sonora,85,19548,8168,11380
Sonora,NE,2725,1364,1361
Tabasco,0,206877,104669,102208
Tabasco,5,224058,113706,110352
Tabasco,10,222698,113492,109206
Tabasco,15,208660,105289,103371
Tabasco,20,188555,91925,96630
Tabasco,25,180324,85425,94899
Tabasco,30,181427,85667,95760
Tabasco,35,179476,84231,95245
Tabasco,40,167602,79123,88479
Tabasco,45,147298,70224,77074
Tabasco,50,130575,62842,67733
Tabasco,55,106647,51906,54741
Tabasco,60,84886,41416,43470
Tabasco,65,64809,31582,33227
Tabasco,70,41845,20321,21524
Tabasco,75,29521,14369,15152
Tabasco,80,18674,8952,9722
Tabasco,85,17790,8100,9690
Tabasco,NE,876,432,444
Tamaulipas,0,271340,137176,134164
Tamaulipas,5,294344,149315,145029
Tamaulipas,10,305853,155866,149987
Tamaulipas,15,294950,149235,145715
Tamaulipas,20,284064,142117,141947
Tamaulipas,25,267261,131093,136168
Tamaulipas,30,256845,125288,131557
Tamaulipas,35,257220,125261,131959
Tamaulipas,40,248637,120639,127998
Tamaulipas,45,236202,115498,120704
Tamaulipas,50,211394,102541,108853
Tamaulipas,55,167744,81176,86568
Tamaulipas,60,139900,66775,73125
Tamaulipas,65,100333,47520,52813
Tamaulipas,70,73616,33955,39661
Tamaulipas,75,50993,23565,27428
Tamaulipas,80,33702,14783,18919
Tamaulipas,85,27683,11517,16166
Tamaulipas,NE,5654,2820,2834
Tlaxcala,0,110460,55685,54775
Tlaxcala,5,117738,59685,58053
Tlaxcala,10,119718,60747,58971
Tlaxcala,15,121207,61532,59675
Tlaxcala,20,113937,56738,57199
Tlaxcala,25,104758,50890,53868
Tlaxcala,30,96512,45384,51128
Tlaxcala,35,94896,43586,51310
Tlaxcala,40,89448,41550,47898
Tlaxcala,45,80395,37282,43113
Tlaxcala,50,70782,32540,38242
Tlaxcala,55,56315,26186,30129
Tlaxcala,60,46505,21684,24821
Tlaxcala,65,33958,15919,18039
Tlaxcala,70,24495,11325,13170
Tlaxcala,75,17367,8240,9127
Tlaxcala,80,11591,5335,6256
Tlaxcala,85,11970,5167,6803
Tlaxcala,NE,20925,10419,10506
Veracruz de Ignacio de la Llave,0,600253,303113,297140
Veracruz de Ignacio de la Llave,5,675182,342335,332847
Veracruz de Ignacio de la Llave,10,685468,347680,337788
Veracruz de Ignacio de la Llave,15,681548,344153,337395
Veracruz de Ignacio de la Llave,20,600394,292359,308035
Veracruz de Ignacio de la Llave,25,580421,272684,307737
Veracruz de Ignacio de la Llave,30,568121,263409,304712
Veracruz de Ignacio de la Llave,35,558791,258605,300186
Veracruz de Ignacio de la Llave,40,537667,247288,290379
Veracruz de Ignacio de la Llave,45,516152,240159,275993
Veracruz de Ignacio de la Llave,50,488510,227672,260838
Veracruz de Ignacio de la Llave,55,408710,192522,216188
Veracruz de Ignacio de la Llave,60,347850,162999,184851
Veracruz de Ignacio de la Llave,65,279233,130731,148502
Veracruz de Ignacio de la Llave,70,203156,95435,107721
Veracruz de Ignacio de la Llave,75,145737,68964,76773
Veracruz de Ignacio de la Llave,80,95232,43082,52150
Veracruz de Ignacio de la Llave,85,86684,36877,49807
Veracruz de Ignacio de la Llave,NE,3470,1707,1763
Yucatán,0,175986,89335,86651
Yucatán,5,186122,93902,92220
Yucatán,10,189137,95833,93304
Yucatán,15,196363,99417,96946
Yucatán,20,199525,100085,99440
Yucatán,25,190975,94526,96449
Yucatán,30,183035,89203,93832
Yucatán,35,174099,84877,89222
Yucatán,40,161231,77759,83472
Yucatán,45,146033,70247,75786
Yucatán,50,122358,57886,64472
Yucatán,55,103183,48826,54357
Yucatán,60,86773,40883,45890
Yucatán,65,72318,34270,38048
Yucatán,70,53224,25378,27846
Yucatán,75,35612,17163,18449
Yucatán,80,22476,10519,11957
Yucatán,85,18632,8274,10358
Yucatán,NE,3816,1896,1920
Zacatecas,0,151745,76563,75182
Zacatecas,5,155704,78441,77263
Zacatecas,10,151355,76912,74443
Zacatecas,15,141208,70860,70348
Zacatecas,20,130238,63289,66949
Zacatecas,25,117673,55905,61768
Zacatecas,30,114442,53586,60856
Zacatecas,35,104728,49653,55075
Zacatecas,40,102682,48739,53943
Zacatecas,45,95118,46099,49019
Zacatecas,50,86207,40965,45242
Zacatecas,55,69401,32945,36456
Zacatecas,60,58039,27708,30331
Zacatecas,65,44719,21507,23212
Zacatecas,70,35100,17080,18020
Zacatecas,75,26357,13015,13342
Zacatecas,80,18058,8641,9417
Zacatecas,85,17506,8233,9273
Zacatecas,NE,1858,917,941
Colima,15,12544,6283,6261
Colima,16,12228,6228,6000
Colima,17,12770,6542,6228
Colima,18,12928,6588,6340
Colima,19,11853,5902,5951
Colima,20,12697,6276,6421
Colima,21,11497,5577,5920
Colima,22,12404,6126,6278
Colima,23,11923,5804,6119
Colima,24,11549,5704,5845
Colima,25,11521,5708,5813
Colima,26,10574,5074,5500
Colima,27,10485,5191,5294
Colima,28,10581,5165,5416
Colima,29,9975,4856,5119
Colima,30,11635,5691,5944
Colima,31,8433,4029,4404
Colima,32,10601,5108,5493
Colima,33,10149,4962,5187
Colima,34,9703,4800,4903
Colima,35,10261,4962,5299
Colima,36,10145,4969,5176
Colima,37,9543,4753,4790
Colima,38,10134,4952,5182
Colima,39,8780,4232,4548
Colima,40,10316,4869,5447
Colima,41,6886,3390,3496
Colima,42,9590,4749,4841
Colima,43,7578,3615,3963
Colima,44,7062,3478,3584
Colima,45,8031,3858,4173
Colima,46,7169,3510,3659
Colima,47,6943,3439,3504
Colima,48,7204,3560,3644
Colima,49,6465,3138,3327
Colima,50,7944,3851,4093
Colima,51,5232,2582,2650
Colima,52,6465,3272,3193
Colima,53,5672,2826,2846
Colima,54,5604,2716,2888
Colima,55,5710,2824,2886
Colima,56,4989,2500,2489
Colima,57,4050,2005,2045
Colima,58,4464,2195,2269
Colima,59,4088,2057,2031
Colima,60,5011,2481,2530
Colima,61,2707,1312,1395
Colima,62,3747,1810,1937
Colima,63,3590,1757,1833
Colima,64,3300,1579,1721
Colima,65,3445,1685,1760
Colima,66,2738,1338,1400
Colima,67,2625,1291,1334
Colima,68,2666,1309,1357
Colima,69,2332,1142,1190
Colima,70,2884,1420,1464
Colima,71,1490,708,782
Colima,72,2180,1036,1144
Colima,73,1890,885,1005
Colima,74,1795,869,926
Colima,75,1810,884,926
Colima,76,1503,738,765
Colima,77,1242,611,631
Colima,78,1347,637,710
Colima,79,1074,505,569
Colima,80,1509,665,844
Colima,81,638,318,320
Colima,82,843,396,447
Colima,83,795,322,473
Colima,84,780,349,431
Colima,85,834,382,452
Colima,86,621,276,345
Colima,87,577,268,309
Colima,88,480,242,238
Colima,89,394,184,210
Colima,90,460,200,260
Colima,91,189,77,112
Colima,92,257,108,149
Colima,93,215,88,127
Colima,94,138,58,80
Colima,95,142,70,72
Colima,96,110,52,58
Colima,97,79,32,47
Colima,98,95,43,52
Colima,99,73,31,42
Colima,100,123,65,58
Colima,NE,7847,3934,3913
Chiapas,0,106278,53593,52685
Chiapas,1,105076,53649,51427
Chiapas,2,106904,54343,52561
Chiapas,3,111369,55650,55719
Chiapas,4,110832,56425,54407
Chiapas,5,109110,55408,53702
Chiapas,6,111131,56024,55107
Chiapas,7,108730,55233,53497
Chiapas,8,113825,57343,56482
Chiapas,9,111896,56049,55847
Chiapas,10,120614,61829,58785
Chiapas,11,99864,50502,49362
Chiapas,12,112322,57742,54580
Chiapas,13,105643,53191,52452
Chiapas,14,111453,56010,55443
Chiapas,15,111698,55974,55724
Chiapas,16,104999,52029,52970
Chiapas,17,109794,54672,55122
Chiapas,18,114798,57277,57521
Chiapas,19,88944,42455,46489
Chiapas,20,101823,48455,53368
Chiapas,21,75624,35933,39691
Chiapas,22,91137,43590,47547
Chiapas,23,86985,40820,46165
Chiapas,24,82450,38784,43666
Chiapas,25,83293,38984,44309
Chiapas,26,70954,32845,38109
Chiapas,27,70838,33100,37738
Chiapas,28,76618,35701,40917
Chiapas,29,64834,30030,34804
Chiapas,30,92008,43688,48320
Chiapas,31,50053,23323,26730
Chiapas,32,71347,33412,37935
Chiapas,33,62608,28964,33644
Chiapas,34,59354,27847,31507
Chiapas,35,69865,32958,36907
Chiapas,36,61694,28904,32790
Chiapas,37,55876,26447,29429
Chiapas,38,68300,32426,35874
Chiapas,39,52248,24571,27677
Chiapas,40,74779,36458,38321
Chiapas,41,33295,15952,17343
Chiapas,42,54655,26991,27664
Chiapas,43,43015,20269,22746
Chiapas,44,40876,19379,21497
Chiapas,45,54242,26324,27918
Chiapas,46,38820,18669,20151
Chiapas,47,37596,18292,19304
Chiapas,48,45392,22097,23295
Chiapas,49,36874,18005,18869
Chiapas,50,53047,26057,26990
Chiapas,51,24554,12160,12394
Chiapas,52,35222,17601,17621
Chiapas,53,29598,14287,15311
Chiapas,54,31986,15412,16574
Chiapas,55,35340,17508,17832
Chiapas,56,29350,15059,14291
Chiapas,57,23211,11694,11517
Chiapas,58,27574,13758,13816
Chiapas,59,22084,11007,11077
Chiapas,60,33757,16967,16790
Chiapas,61,12672,6276,6396
Chiapas,62,18303,9092,9211
Chiapas,63,19770,9874,9896
Chiapas,64,25997,12693,13304
Chiapas,65,22840,11020,11820
Chiapas,66,14766,7317,7449
Chiapas,67,13604,6648,6956
Chiapas,68,15083,7155,7928
Chiapas,69,12629,6162,6467
Chiapas,70,25385,12574,12811
Chiapas,71,8613,4388,4225
Chiapas,72,12822,6576,6246
Chiapas,73,10440,5222,5218
Chiapas,74,11240,5710,5530
Chiapas,75,12246,6137,6109
Chiapas,76,7984,4105,3879
Chiapas,77,6316,3245,3071
Chiapas,78,8178,4162,4016
Chiapas,79,5026,2589,2437
Chiapas,80,10326,5035,5291
Chiapas,81,2850,1538,1312
Chiapas,82,4107,2031,2076
Chiapas,83,3608,1807,1801
Chiapas,84,3787,1888,1899
Chiapas,85,4579,2208,2371
Chiapas,86,2806,1391,1415
Chiapas,87,2305,1126,1179
Chiapas,88,2203,1096,1107
Chiapas,89,1620,751,869
Chiapas,90,2953,1446,1507
Chiapas,91,644,320,324
Chiapas,92,781,390,391
Chiapas,93,676,345,331
Chiapas,94,515,253,262
Chiapas,95,888,409,479
Chiapas,96,530,258,272
Chiapas,97,332,154,178
Chiapas,98,487,232,255
Chiapas,99,346,173,173
Chiapas,100,1467,726,741
Chiapas,NE,56400,28159,28241
Chihuahua,0,58569,29688,28881
Chihuahua,1,60734,30953,29781
Chihuahua,2,66899,33962,32937
Chihuahua,3,68972,34816,34156
Chihuahua,4,67502,34188,33314
Chihuahua,5,67030,34156,32874
Chihuahua,6,66932,33952,32980
Chihuahua,7,66150,33688,32462
Chihuahua,8,68335,35040,33295
Chihuahua,9,66617,33641,32976
Chihuahua,10,70119,36041,34078
Chihuahua,11,63512,32187,31325
Chihuahua,12,65841,33494,32347
Chihuahua,13,61643,31031,30612
Chihuahua,14,63546,31996,31550
Chihuahua,15,65101,32716,32385
Chihuahua,16,62804,31719,31085
Chihuahua,17,66643,33723,32920
Chihuahua,18,67223,34070,33153
Chihuahua,19,60263,30260,30003
Chihuahua,20,62952,31391,31561
Chihuahua,21,55144,27639,27505
Chihuahua,22,57993,29091,28902
Chihuahua,23,56026,28055,27971
Chihuahua,24,53757,26777,26980
Chihuahua,25,54835,27003,27832
Chihuahua,26,50522,24809,25713
Chihuahua,27,50779,25395,25384
Chihuahua,28,52323,26001,26322
Chihuahua,29,46577,23177,23400
Chihuahua,30,58873,29561,29312
Chihuahua,31,40971,19962,21009
Chihuahua,32,52985,25994,26991
Chihuahua,33,49436,24385,25051
Chihuahua,34,49039,24235,24804
Chihuahua,35,54718,26925,27793
Chihuahua,36,53653,26184,27469
Chihuahua,37,49913,24805,25108
Chihuahua,38,55700,27906,27794
Chihuahua,39,45984,22628,23356
Chihuahua,40,57192,28164,29028
Chihuahua,41,36815,18139,18676
Chihuahua,42,51399,25940,25459
Chihuahua,43,40769,19936,20833
Chihuahua,44,36581,17765,18816
Chihuahua,45,43754,21657,22097
Chihuahua,46,35868,17375,18493
Chihuahua,47,34997,17076,17921
Chihuahua,48,36603,17783,18820
Chihuahua,49,31931,15472,16459
Chihuahua,50,40980,20021,20959
Chihuahua,51,23913,11454,12459
Chihuahua,52,31024,15066,15958
Chihuahua,53,26953,12950,14003
Chihuahua,54,26199,12497,13702
Chihuahua,55,26255,12709,13546
Chihuahua,56,23678,11591,12087
Chihuahua,57,19334,9315,10019
Chihuahua,58,20405,9600,10805
Chihuahua,59,18935,9096,9839
Chihuahua,60,25402,12066,13336
Chihuahua,61,13192,6231,6961
Chihuahua,62,18468,8783,9685
Chihuahua,63,16957,8160,8797
Chihuahua,64,15523,7294,8229
Chihuahua,65,18117,8626,9491
Chihuahua,66,12950,6072,6878
Chihuahua,67,13029,6279,6750
Chihuahua,68,13356,6356,7000
Chihuahua,69,11357,5478,5879
Chihuahua,70,15788,7473,8315
Chihuahua,71,7885,3846,4039
Chihuahua,72,11673,5755,5918
Chihuahua,73,9874,4756,5118
Chihuahua,74,9199,4443,4756
Chihuahua,75,9463,4601,4862
Chihuahua,76,7427,3598,3829
Chihuahua,77,5809,2806,3003
Chihuahua,78,6964,3333,3631
Chihuahua,79,4723,2206,2517
Chihuahua,80,6739,3014,3725
Chihuahua,81,3147,1500,1647
Chihuahua,82,4021,1865,2156
Chihuahua,83,3416,1558,1858
Chihuahua,84,3381,1498,1883
Chihuahua,85,3137,1316,1821
Chihuahua,86,2324,1063,1261
Chihuahua,87,1900,822,1078
Chihuahua,88,1512,664,848
Chihuahua,89,1311,539,772
Chihuahua,90,1302,539,763
Chihuahua,91,484,227,257
Chihuahua,92,621,256,365
Chihuahua,93,494,206,288
Chihuahua,94,393,155,238
Chihuahua,95,341,130,211
Chihuahua,96,281,120,161
Chihuahua,97,190,74,116
Chihuahua,98,170,60,110
Chihuahua,99,119,44,75
Chihuahua,100,286,113,173
Chihuahua,NE,103540,51770,51770
Distrito Federal,0,112784,57597,55187
Distrito Federal,1,116999,59723,57276
Distrito Federal,2,127607,64798,62809
Distrito Federal,3,129866,65896,63970
Distrito Federal,4,130989,66687,64302
Distrito Federal,5,130231,66451,63780
Distrito Federal,6,132294,67214,65080
Distrito Federal,7,130124,65763,64361
Distrito Federal,8,135359,69021,66338
Distrito Federal,9,130940,66436,64504
Distrito Federal,10,139242,71442,67800
Distrito Federal,11,126154,63732,62422
Distrito Federal,12,132222,66924,65298
Distrito Federal,13,129596,65521,64075
Distrito Federal,14,133131,67055,66076
Distrito Federal,15,140254,70911,69343
Distrito Federal,16,137600,69017,68583
Distrito Federal,17,148356,74900,73456
Distrito Federal,18,155707,78437,77270
Distrito Federal,19,141455,70000,71455
Distrito Federal,20,157454,78079,79375
Distrito Federal,21,141214,70671,70543
Distrito Federal,22,156867,77803,79064
Distrito Federal,23,149674,73015,76659
Distrito Federal,24,148195,72800,75395
Distrito Federal,25,154884,75374,79510
Distrito Federal,26,144731,69855,74876
Distrito Federal,27,144128,70340,73788
Distrito Federal,28,152265,74583,77682
Distrito Federal,29,130688,62817,67871
Distrito Federal,30,169972,81710,88262
Distrito Federal,31,112665,54010,58655
Distrito Federal,32,148589,70512,78077
Distrito Federal,33,136273,65336,70937
Distrito Federal,34,135143,64420,70723
Distrito Federal,35,155010,73200,81810
Distrito Federal,36,147611,69552,78059
Distrito Federal,37,137599,65372,72227
Distrito Federal,38,155277,74030,81247
Distrito Federal,39,126717,59711,67006
Distrito Federal,40,169684,79823,89861
Distrito Federal,41,99675,46550,53125
Distrito Federal,42,146375,69387,76988
Distrito Federal,43,112332,52179,60153
Distrito Federal,44,101497,47212,54285
Distrito Federal,45,129900,60191,69709
Distrito Federal,46,106819,49139,57680
Distrito Federal,47,105506,48679,56827
Distrito Federal,48,112037,51490,60547
Distrito Federal,49,101219,46579,54640
Distrito Federal,50,136745,62548,74197
Distrito Federal,51,80350,36466,43884
Distrito Federal,52,108358,49804,58554
Distrito Federal,53,90853,41363,49490
Distrito Federal,54,90004,40144,49860
Distrito Federal,55,94832,43102,51730
Distrito Federal,56,86975,40079,46896
Distrito Federal,57,69963,32037,37926
Distrito Federal,58,74965,34117,40848
Distrito Federal,59,65451,29730,35721
Distrito Federal,60,87471,39617,47854
Distrito Federal,61,47186,20998,26188
Distrito Federal,62,64193,28773,35420
Distrito Federal,63,61425,27404,34021
Distrito Federal,64,55518,24218,31300
Distrito Federal,65,59466,26445,33021
Distrito Federal,66,41072,17781,23291
Distrito Federal,67,42369,18864,23505
Distrito Federal,68,48381,20720,27661
Distrito Federal,69,36337,16100,20237
Distrito Federal,70,49679,20936,28743
Distrito Federal,71,26379,11210,15169
Distrito Federal,72,38197,16062,22135
Distrito Federal,73,33498,14020,19478
Distrito Federal,74,31576,12999,18577
Distrito Federal,75,32349,13259,19090
Distrito Federal,76,26568,10906,15662
Distrito Federal,77,21668,8676,12992
Distrito Federal,78,24943,10282,14661
Distrito Federal,79,18971,7672,11299
Distrito Federal,80,25174,9336,15838
Distrito Federal,81,13179,5209,7970
Distrito Federal,82,17463,6621,10842
Distrito Federal,83,14774,5533,9241
Distrito Federal,84,14531,5313,9218
Distrito Federal,85,13546,4777,8769
Distrito Federal,86,10918,4047,6871
Distrito Federal,87,9275,3418,5857
Distrito Federal,88,7205,2681,4524
Distrito Federal,89,6226,2139,4087
Distrito Federal,90,6312,2032,4280
Distrito Federal,91,2776,928,1848
Distrito Federal,92,3599,1141,2458
Distrito Federal,93,2665,843,1822
Distrito Federal,94,1873,585,1288
Distrito Federal,95,1762,522,1240
Distrito Federal,96,1505,445,1060
Distrito Federal,97,1055,308,747
Distrito Federal,98,900,260,640
Distrito Federal,99,575,153,422
Distrito Federal,100,1089,321,768
Distrito Federal,NE,198026,98895,99131
Durango,0,31371,15944,15427
Durango,1,31349,16077,15272
Durango,2,33044,16744,16300
Durango,3,32868,16394,16474
Durango,4,33068,16887,16181
Durango,5,32479,16612,15867
Durango,6,33577,16998,16579
Durango,7,33110,16665,16445
Durango,8,33888,17442,16446
Durango,9,33799,17106,16693
Durango,10,35205,18055,17150
Durango,11,32089,16118,15971
Durango,12,34113,17414,16699
Durango,13,32059,16387,15672
Durango,14,33714,16995,16719
Durango,15,34378,17541,16837
Durango,16,32436,16287,16149
Durango,17,34548,17391,17157
Durango,18,34887,17847,17040
Durango,19,30117,14970,15147
Durango,20,31929,15703,16226
Durango,21,27727,13632,14095
Durango,22,29714,14610,15104
Durango,23,27810,13753,14057
Durango,24,26197,12682,13515
Durango,25,25725,12441,13284
Durango,26,23651,11260,12391
Durango,27,23273,11308,11965
Durango,28,23770,11624,12146
Durango,29,21295,10345,10950
Durango,30,26529,12774,13755
Durango,31,19124,9146,9978
Durango,32,24382,11703,12679
Durango,33,23006,10954,12052
Durango,34,22253,10594,11659
Durango,35,23800,11425,12375
Durango,36,23382,11194,12188
Durango,37,21660,10463,11197
Durango,38,23949,11555,12394
Durango,39,20046,9607,10439
Durango,40,24574,11752,12822
Durango,41,15651,7338,8313
Durango,42,22527,10924,11603
Durango,43,17753,8468,9285
Durango,44,16354,7625,8729
Durango,45,19496,9212,10284
Durango,46,16201,7659,8542
Durango,47,15577,7358,8219
Durango,48,16376,7768,8608
Durango,49,14866,6970,7896
Durango,50,18842,9032,9810
Durango,51,10978,5190,5788
Durango,52,14494,6848,7646
Durango,53,12991,6204,6787
Durango,54,12969,6048,6921
Durango,55,13101,6273,6828
Durango,56,11410,5580,5830
Durango,57,9466,4583,4883
Durango,58,10211,4812,5399
Durango,59,9687,4774,4913
Durango,60,12353,5967,6386
Durango,61,6541,3093,3448
Durango,62,9206,4458,4748
Durango,63,8571,4086,4485
Durango,64,8022,3814,4208
Durango,65,8771,4247,4524
Durango,66,6690,3216,3474
Durango,67,6440,3209,3231
Durango,68,6758,3295,3463
Durango,69,5942,2981,2961
Durango,70,8296,4084,4212
Durango,71,4143,2035,2108
Durango,72,6376,3154,3222
Durango,73,5655,2813,2842
Durango,74,5263,2532,2731
Durango,75,5250,2611,2639
Durango,76,4186,2056,2130
Durango,77,3508,1752,1756
Durango,78,3944,1961,1983
Durango,79,2707,1359,1348
Durango,80,3941,1834,2107
Durango,81,1728,864,864
Durango,82,2360,1164,1196
Durango,83,1963,941,1022
Durango,84,2047,948,1099
Durango,85,1885,873,1012
Durango,86,1453,699,754
Durango,87,1116,554,562
Durango,88,893,434,459
Durango,89,732,325,407
Durango,90,836,370,466
Durango,91,251,107,144
Durango,92,374,157,217
Durango,93,278,114,164
Durango,94,214,95,119
Durango,95,210,88,122
Durango,96,180,77,103
Durango,97,127,57,70
Durango,98,140,74,66
Durango,99,96,40,56
Durango,100,235,84,151
Durango,NE,28408,14203,14205
Guanajuato,0,104937,53225,51712
Guanajuato,1,105898,53870,52028
Guanajuato,2,111810,56617,55193
Guanajuato,3,112048,56450,55598
Guanajuato,4,112773,57098,55675
Guanajuato,5,112917,57499,55418
Guanajuato,6,114237,57989,56248
Guanajuato,7,114512,57631,56881
Guanajuato,8,117644,60026,57618
Guanajuato,9,119811,60552,59259
Guanajuato,10,123007,62473,60534
Guanajuato,11,112989,57022,55967
Guanajuato,12,117039,59276,57763
Guanajuato,13,112449,56895,55554
Guanajuato,14,115116,57946,57170
Guanajuato,15,118317,59446,58871
Guanajuato,16,113551,56368,57183
Guanajuato,17,118296,58771,59525
Guanajuato,18,118753,58391,60362
Guanajuato,19,102048,48525,53523
Guanajuato,20,106401,50126,56275
Guanajuato,21,92707,43789,48918
Guanajuato,22,102372,48181,54191
Guanajuato,23,97564,45451,52113
Guanajuato,24,94123,43445,50678
Guanajuato,25,91829,42236,49593
Guanajuato,26,84070,38633,45437
Guanajuato,27,85373,39600,45773
Guanajuato,28,86104,39675,46429
Guanajuato,29,77915,36104,41811
Guanajuato,30,97661,44980,52681
Guanajuato,31,66538,30536,36002
Guanajuato,32,86567,39742,46825
Guanajuato,33,79970,37115,42855
Guanajuato,34,76976,35515,41461
Guanajuato,35,83343,38752,44591
Guanajuato,36,80557,37401,43156
Guanajuato,37,73976,34886,39090
Guanajuato,38,81345,38015,43330
Guanajuato,39,68466,32108,36358
Guanajuato,40,84079,38987,45092
Guanajuato,41,52186,24558,27628
Guanajuato,42,74043,34948,39095
Guanajuato,43,59138,27074,32064
Guanajuato,44,55208,25261,29947
Guanajuato,45,63421,29612,33809
Guanajuato,46,52589,24296,28293
Guanajuato,47,50228,23506,26722
Guanajuato,48,52583,24270,28313
Guanajuato,49,47644,22203,25441
Guanajuato,50,61344,28553,32791
Guanajuato,51,35523,16664,18859
Guanajuato,52,47002,22139,24863
Guanajuato,53,41797,19428,22369
Guanajuato,54,40094,18268,21826
Guanajuato,55,42960,20133,22827
Guanajuato,56,38406,18331,20075
Guanajuato,57,31229,14867,16362
Guanajuato,58,32267,15120,17147
Guanajuato,59,29538,13980,15558
Guanajuato,60,39428,18693,20735
Guanajuato,61,20373,9638,10735
Guanajuato,62,27653,12931,14722
Guanajuato,63,27630,12836,14794
Guanajuato,64,25145,11653,13492
Guanajuato,65,26991,12784,14207
Guanajuato,66,20449,9471,10978
Guanajuato,67,19577,9508,10069
Guanajuato,68,20345,9426,10919
Guanajuato,69,17867,8505,9362
Guanajuato,70,25578,12050,13528
Guanajuato,71,11621,5453,6168
Guanajuato,72,17859,8307,9552
Guanajuato,73,16033,7369,8664
Guanajuato,74,15559,7259,8300
Guanajuato,75,16199,7500,8699
Guanajuato,76,12691,5995,6696
Guanajuato,77,10617,4932,5685
Guanajuato,78,12339,5859,6480
Guanajuato,79,8495,4006,4489
Guanajuato,80,13584,6088,7496
Guanajuato,81,5959,2794,3165
Guanajuato,82,8084,3699,4385
Guanajuato,83,7393,3318,4075
Guanajuato,84,7342,3260,4082
Guanajuato,85,7280,3262,4018
Guanajuato,86,5487,2467,3020
Guanajuato,87,4588,1994,2594
Guanajuato,88,3914,1771,2143
Guanajuato,89,2894,1244,1650
Guanajuato,90,3493,1504,1989
Guanajuato,91,1234,524,710
Guanajuato,92,1635,676,959
Guanajuato,93,1201,501,700
Guanajuato,94,1040,411,629
Guanajuato,95,922,363,559
Guanajuato,96,911,375,536
Guanajuato,97,637,253,384
Guanajuato,98,683,238,445
Guanajuato,99,435,174,261
Guanajuato,100,766,276,490
Guanajuato,NE,31153,15500,15653
Guerrero,0,67475,34510,32965
Guerrero,1,69097,35319,33778
Guerrero,2,70375,35812,34563
Guerrero,3,72939,36571,36368
Guerrero,4,73123,37034,36089
Guerrero,5,73082,37040,36042
Guerrero,6,73122,36698,36424
Guerrero,7,74708,37907,36801
Guerrero,8,77862,39341,38521
Guerrero,9,79423,40067,39356
Guerrero,10,83704,42773,40931
Guerrero,11,73077,36743,36334
Guerrero,12,79504,40439,39065
Guerrero,13,76944,38749,38195
Guerrero,14,80149,40184,39965
Guerrero,15,81952,41075,40877
Guerrero,16,75099,37203,37896
Guerrero,17,77331,38826,38505
Guerrero,18,77606,38823,38783
Guerrero,19,60203,28718,31485
Guerrero,20,67947,32397,35550
Guerrero,21,52398,24925,27473
Guerrero,22,59690,28521,31169
Guerrero,23,56651,26659,29992
Guerrero,24,53998,25491,28507
Guerrero,25,53418,25067,28351
Guerrero,26,46600,21621,24979
Guerrero,27,46975,22219,24756
Guerrero,28,48763,22816,25947
Guerrero,29,42059,19705,22354
Guerrero,30,57178,27125,30053
Guerrero,31,33688,15469,18219
Guerrero,32,48313,22499,25814
Guerrero,33,42675,19995,22680
Guerrero,34,41628,19385,22243
Guerrero,35,47709,22362,25347
Guerrero,36,43319,20296,23023
Guerrero,37,38700,18378,20322
Guerrero,38,45822,21430,24392
Guerrero,39,36373,16854,19519
Guerrero,40,50714,24203,26511
Guerrero,41,25094,11828,13266
Guerrero,42,40193,19069,21124
Guerrero,43,31901,14750,17151
Guerrero,44,30580,14094,16486
Guerrero,45,38281,18038,20243
Guerrero,46,29313,13683,15630
Guerrero,47,28636,13370,15266
Guerrero,48,33470,15582,17888
Guerrero,49,28713,13303,15410
Guerrero,50,40196,19171,21025
Guerrero,51,19936,9383,10553
Guerrero,52,28106,13402,14704
Guerrero,53,23686,11147,12539
Guerrero,54,25336,11781,13555
Guerrero,55,28007,13368,14639
Guerrero,56,23666,11673,11993
Guerrero,57,19176,9278,9898
Guerrero,58,21619,10210,11409
Guerrero,59,18390,8703,9687
Guerrero,60,29247,13975,15272
Guerrero,61,11460,5397,6063
Guerrero,62,16335,7728,8607
Guerrero,63,16510,7899,8611
Guerrero,64,15489,7137,8352
Guerrero,65,20776,9684,11092
Guerrero,66,13250,6222,7028
Guerrero,67,12937,6149,6788
Guerrero,68,14391,6587,7804
Guerrero,69,11379,5195,6184
Guerrero,70,23544,10865,12679
Guerrero,71,7946,3825,4121
Guerrero,72,13125,6177,6948
Guerrero,73,11331,5382,5949
Guerrero,74,10722,4979,5743
Guerrero,75,13245,6156,7089
Guerrero,76,8506,3949,4557
Guerrero,77,7345,3619,3726
Guerrero,78,8936,4250,4686
Guerrero,79,5717,2735,2982
Guerrero,80,11274,5176,6098
Guerrero,81,2943,1382,1561
Guerrero,82,4393,2090,2303
Guerrero,83,3917,1834,2083
Guerrero,84,3964,1796,2168
Guerrero,85,4966,2187,2779
Guerrero,86,2951,1325,1626
Guerrero,87,2700,1264,1436
Guerrero,88,2451,1173,1278
Guerrero,89,1824,860,964
Guerrero,90,3058,1321,1737
Guerrero,91,671,327,344
Guerrero,92,867,392,475
Guerrero,93,699,347,352
Guerrero,94,603,280,323
Guerrero,95,867,389,478
Guerrero,96,570,265,305
Guerrero,97,436,195,241
Guerrero,98,538,226,312
Guerrero,99,399,169,230
Guerrero,100,1186,505,681
Guerrero,NE,19608,11066,8542
Hidalgo,0,47742,24277,23465
Hidalgo,1,48924,25002,23922
Hidalgo,2,52171,26448,25723
Hidalgo,3,53202,26950,26252
Hidalgo,4,53163,26837,26326
Hidalgo,5,53251,27069,26182
Hidalgo,6,53749,27415,26334
Hidalgo,7,54371,27561,26810
Hidalgo,8,55034,27887,27147
Hidalgo,9,54776,27524,27252
Hidalgo,10,55684,28535,27149
Hidalgo,11,49782,25232,24550
Hidalgo,12,52104,26417,25687
Hidalgo,13,51178,25810,25368
Hidalgo,14,54278,27310,26968
Hidalgo,15,56573,28528,28045
Hidalgo,16,54302,27370,26932
Hidalgo,17,55974,28267,27707
Hidalgo,18,55684,27898,27786
Hidalgo,19,47069,22430,24639
Hidalgo,20,49645,23779,25866
Hidalgo,21,42310,19915,22395
Hidalgo,22,46183,21830,24353
Hidalgo,23,45046,20851,24195
Hidalgo,24,42986,19797,23189
Hidalgo,25,42824,19683,23141
Hidalgo,26,39881,18105,21776
Hidalgo,27,40019,18516,21503
Hidalgo,28,41236,18901,22335
Hidalgo,29,37074,16578,20496
Hidalgo,30,46824,21632,25192
Hidalgo,31,32350,14791,17559
Hidalgo,32,41548,18908,22640
Hidalgo,33,38732,17606,21126
Hidalgo,34,37593,17325,20268
Hidalgo,35,40648,18644,22004
Hidalgo,36,39698,18505,21193
Hidalgo,37,36183,16846,19337
Hidalgo,38,40653,18731,21922
Hidalgo,39,33949,15752,18197
Hidalgo,40,42672,20093,22579
Hidalgo,41,25218,11815,13403
Hidalgo,42,37285,17772,19513
Hidalgo,43,29849,13762,16087
Hidalgo,44,27833,12757,15076
Hidalgo,45,32877,15513,17364
Hidalgo,46,27080,12658,14422
Hidalgo,47,26210,12327,13883
Hidalgo,48,28181,13183,14998
Hidalgo,49,25977,12156,13821
Hidalgo,50,32176,15152,17024
Hidalgo,51,18615,8872,9743
Hidalgo,52,25188,12254,12934
Hidalgo,53,21867,10451,11416
Hidalgo,54,22458,10519,11939
Hidalgo,55,23377,11237,12140
Hidalgo,56,20931,10372,10559
Hidalgo,57,16742,8128,8614
Hidalgo,58,18199,8745,9454
Hidalgo,59,16016,7800,8216
Hidalgo,60,21788,10471,11317
Hidalgo,61,10504,5121,5383
Hidalgo,62,14425,7055,7370
Hidalgo,63,14219,6829,7390
Hidalgo,64,13540,6439,7101
Hidalgo,65,14452,6850,7602
Hidalgo,66,10930,5249,5681
Hidalgo,67,10389,5049,5340
Hidalgo,68,11450,5475,5975
Hidalgo,69,10448,5142,5306
Hidalgo,70,15344,6969,8375
Hidalgo,71,6432,3059,3373
Hidalgo,72,9561,4497,5064
Hidalgo,73,8544,4039,4505
Hidalgo,74,8187,3892,4295
Hidalgo,75,8670,3991,4679
Hidalgo,76,6484,3022,3462
Hidalgo,77,5219,2484,2735
Hidalgo,78,6574,3107,3467
Hidalgo,79,4332,2038,2294
Hidalgo,80,7042,3040,4002
Hidalgo,81,2592,1203,1389
Hidalgo,82,3605,1700,1905
Hidalgo,83,3171,1401,1770
Hidalgo,84,3587,1568,2019
Hidalgo,85,3736,1543,2193
Hidalgo,86,2702,1203,1499
Hidalgo,87,2209,942,1267
Hidalgo,88,1856,814,1042
Hidalgo,89,1540,637,903
Hidalgo,90,2054,815,1239
Hidalgo,91,597,259,338
Hidalgo,92,794,328,466
Hidalgo,93,636,266,370
Hidalgo,94,496,194,302
Hidalgo,95,578,206,372
Hidalgo,96,481,189,292
Hidalgo,97,305,109,196
Hidalgo,98,356,120,236
Hidalgo,99,232,92,140
Hidalgo,100,654,235,419
Hidalgo,NE,21159,10552,10607
Jalisco,0,132143,67171,64972
Jalisco,1,132886,67761,65125
Jalisco,2,141833,72216,69617
Jalisco,3,142937,72695,70242
Jalisco,4,145149,73908,71241
Jalisco,5,142467,72546,69921
Jalisco,6,145145,73571,71574
Jalisco,7,144908,73238,71670
Jalisco,8,147210,75062,72148
Jalisco,9,147345,74891,72454
Jalisco,10,151445,76879,74566
Jalisco,11,141543,71567,69976
Jalisco,12,143895,72995,70900
Jalisco,13,137787,70094,67693
Jalisco,14,139723,70562,69161
Jalisco,15,144924,73379,71545
Jalisco,16,139979,70553,69426
Jalisco,17,146565,74410,72155
Jalisco,18,149669,75609,74060
Jalisco,19,133866,66224,67642
Jalisco,20,140835,69469,71366
Jalisco,21,128813,63677,65136
Jalisco,22,138287,68281,70006
Jalisco,23,132428,64972,67456
Jalisco,24,128725,62746,65979
Jalisco,25,127964,61918,66046
Jalisco,26,119420,57587,61833
Jalisco,27,117839,57425,60414
Jalisco,28,118622,58002,60620
Jalisco,29,108188,52791,55397
Jalisco,30,128388,62284,66104
Jalisco,31,93426,44382,49044
Jalisco,32,114402,54377,60025
Jalisco,33,108468,52286,56182
Jalisco,34,103433,49811,53622
Jalisco,35,112075,53650,58425
Jalisco,36,109493,52735,56758
Jalisco,37,104458,50824,53634
Jalisco,38,112280,54797,57483
Jalisco,39,96928,46264,50664
Jalisco,40,111526,53101,58425
Jalisco,41,76645,36879,39766
Jalisco,42,102611,50263,52348
Jalisco,43,81639,38475,43164
Jalisco,44,74180,34951,39229
Jalisco,45,86318,40810,45508
Jalisco,46,73697,34522,39175
Jalisco,47,71085,33721,37364
Jalisco,48,73229,34631,38598
Jalisco,49,67212,31790,35422
Jalisco,50,83642,39116,44526
Jalisco,51,53656,25175,28481
Jalisco,52,68548,32461,36087
Jalisco,53,59708,28121,31587
Jalisco,54,58723,27236,31487
Jalisco,55,60868,28625,32243
Jalisco,56,55138,26178,28960
Jalisco,57,45989,21794,24195
Jalisco,58,47928,22596,25332
Jalisco,59,44457,21190,23267
Jalisco,60,56039,26341,29698
Jalisco,61,32072,14997,17075
Jalisco,62,43045,20432,22613
Jalisco,63,41738,19907,21831
Jalisco,64,37571,17660,19911
Jalisco,65,39455,18654,20801
Jalisco,66,30225,14221,16004
Jalisco,67,29174,14272,14902
Jalisco,68,30044,14044,16000
Jalisco,69,26439,12785,13654
Jalisco,70,32860,15171,17689
Jalisco,71,18009,8497,9512
Jalisco,72,25094,11866,13228
Jalisco,73,21332,9945,11387
Jalisco,74,20909,9693,11216
Jalisco,75,21182,9756,11426
Jalisco,76,16962,7799,9163
Jalisco,77,14037,6545,7492
Jalisco,78,16212,7585,8627
Jalisco,79,12354,5698,6656
Jalisco,80,16663,7289,9374
Jalisco,81,7948,3596,4352
Jalisco,82,10357,4610,5747
Jalisco,83,9418,4059,5359
Jalisco,84,9578,4214,5364
Jalisco,85,9099,3915,5184
Jalisco,86,7412,3269,4143
Jalisco,87,6246,2737,3509
Jalisco,88,5444,2378,3066
Jalisco,89,4519,1956,2563
Jalisco,90,4934,2021,2913
Jalisco,91,2157,880,1277
Jalisco,92,2749,1173,1576
Jalisco,93,2099,860,1239
Jalisco,94,1657,694,963
Jalisco,95,1425,578,847
Jalisco,96,1261,531,730
Jalisco,97,969,396,573
Jalisco,98,924,363,561
Jalisco,99,627,265,362
Jalisco,100,1084,415,669
Jalisco,NE,86669,43330,43339
México,0,260223,132751,127472
México,1,272650,138943,133707
México,2,293251,148345,144906
México,3,299657,150927,148730
México,4,300831,152161,148670
México,5,295535,150205,145330
México,6,299416,151355,148061
México,7,297888,150875,147013
México,8,307184,157000,150184
México,9,298251,150796,147455
México,10,309447,157904,151543
México,11,276220,139609,136611
México,12,286004,145171,140833
México,13,274367,138863,135504
México,14,282990,142075,140915
México,15,296386,149209,147177
México,16,282935,141878,141057
México,17,303242,152336,150906
México,18,310610,156454,154156
México,19,273975,134443,139532
México,20,298271,147077,151194
México,21,253943,124890,129053
México,22,283175,139670,143505
México,23,267826,130802,137024
México,24,261165,126388,134777
México,25,263223,126726,136497
México,26,245416,117377,128039
México,27,245805,117886,127919
México,28,256003,123535,132468
México,29,223407,106307,117100
México,30,284892,135285,149607
México,31,193356,90720,102636
México,32,254439,119330,135109
México,33,234898,111234,123664
México,34,230930,109359,121571
México,35,253500,119652,133848
México,36,248094,116810,131284
México,37,228127,108876,119251
México,38,255446,122156,133290
México,39,208821,99032,109789
México,40,268139,127692,140447
México,41,159034,75677,83357
México,42,232324,112636,119688
México,43,181380,85816,95564
México,44,162615,76549,86066
México,45,197046,94288,102758
México,46,163897,77266,86631
México,47,155844,74588,81256
México,48,165679,78711,86968
México,49,148698,70301,78397
México,50,188248,89295,98953
México,51,111201,52866,58335
México,52,147116,70649,76467
México,53,125428,59735,65693
México,54,123335,57280,66055
México,55,125119,59529,65590
México,56,113215,54956,58259
México,57,89802,43143,46659
México,58,96745,45921,50824
México,59,85003,40989,44014
México,60,111435,53258,58177
México,61,56565,26456,30109
México,62,78412,37369,41043
México,63,77238,36601,40637
México,64,68699,31988,36711
México,65,71795,34004,37791
México,66,50782,23763,27019
México,67,50129,23868,26261
México,68,53238,24484,28754
México,69,44194,20636,23558
México,70,58399,26567,31832
México,71,27939,12875,15064
México,72,42413,19431,22982
México,73,36774,16647,20127
México,74,35017,15918,19099
México,75,34851,15730,19121
México,76,28084,12695,15389
México,77,21780,9726,12054
México,78,26827,12188,14639
México,79,17881,7987,9894
México,80,25259,10628,14631
México,81,11070,4949,6121
México,82,15632,6661,8971
México,83,13516,5605,7911
México,84,13416,5450,7966
México,85,13408,5391,8017
México,86,10090,4193,5897
México,87,8517,3414,5103
México,88,6834,2796,4038
México,89,5649,2191,3458
México,90,6032,2299,3733
México,91,1996,785,1211
México,92,2791,1037,1754
México,93,2141,769,1372
México,94,1652,569,1083
México,95,1622,542,1080
México,96,1477,505,972
México,97,1025,334,691
México,98,1054,333,721
México,99,636,211,425
México,100,1378,424,954
México,NE,186548,93410,93138
Michoacán de Ocampo,0,82812,42124,40688
Michoacán de Ocampo,1,82605,41905,40700
Michoacán de Ocampo,2,86047,43621,42426
Michoacán de Ocampo,3,87620,44294,43326
Michoacán de Ocampo,4,86614,43673,42941
Michoacán de Ocampo,5,85597,43562,42035
Michoacán de Ocampo,6,87056,43849,43207
Michoacán de Ocampo,7,85574,43385,42189
Michoacán de Ocampo,8,87826,44514,43312
Michoacán de Ocampo,9,88807,44707,44100
Michoacán de Ocampo,10,92883,47189,45694
Michoacán de Ocampo,11,84078,42270,41808
Michoacán de Ocampo,12,89501,45013,44488
Michoacán de Ocampo,13,87127,43859,43268
Michoacán de Ocampo,14,90132,45222,44910
Michoacán de Ocampo,15,93044,46476,46568
Michoacán de Ocampo,16,90028,45054,44974
Michoacán de Ocampo,17,94239,47111,47128
Michoacán de Ocampo,18,95899,47620,48279
Michoacán de Ocampo,19,80617,38191,42426
Michoacán de Ocampo,20,87254,41651,45603
Michoacán de Ocampo,21,73770,34792,38978
Michoacán de Ocampo,22,82420,38992,43428
Michoacán de Ocampo,23,76077,35568,40509
Michoacán de Ocampo,24,72817,34187,38630
Michoacán de Ocampo,25,71278,33211,38067
Michoacán de Ocampo,26,64105,29475,34630
Michoacán de Ocampo,27,63855,29909,33946
Michoacán de Ocampo,28,64947,30632,34315
Michoacán de Ocampo,29,57879,26933,30946
Michoacán de Ocampo,30,73893,34331,39562
Michoacán de Ocampo,31,47911,22334,25577
Michoacán de Ocampo,32,64735,30066,34669
Michoacán de Ocampo,33,59642,27689,31953
Michoacán de Ocampo,34,56927,26638,30289
Michoacán de Ocampo,35,62386,29196,33190
Michoacán de Ocampo,36,59969,28242,31727
Michoacán de Ocampo,37,55002,26142,28860
Michoacán de Ocampo,38,61637,29105,32532
Michoacán de Ocampo,39,51454,24149,27305
Michoacán de Ocampo,40,65690,30635,35055
Michoacán de Ocampo,41,37454,17629,19825
Michoacán de Ocampo,42,57030,27042,29988
Michoacán de Ocampo,43,44749,20526,24223
Michoacán de Ocampo,44,42781,19689,23092
Michoacán de Ocampo,45,49657,23171,26486
Michoacán de Ocampo,46,41118,18981,22137
Michoacán de Ocampo,47,39617,18687,20930
Michoacán de Ocampo,48,43172,20061,23111
Michoacán de Ocampo,49,39063,18206,20857
Michoacán de Ocampo,50,51525,24200,27325
Michoacán de Ocampo,51,28413,13263,15150
Michoacán de Ocampo,52,39933,18845,21088
Michoacán de Ocampo,53,34516,16137,18379
Michoacán de Ocampo,54,33918,15769,18149
Michoacán de Ocampo,55,36487,17460,19027
Michoacán de Ocampo,56,31862,15555,16307
Michoacán de Ocampo,57,25885,12405,13480
Michoacán de Ocampo,58,28647,13738,14909
Michoacán de Ocampo,59,24992,11891,13101
Michoacán de Ocampo,60,35518,17031,18487
Michoacán de Ocampo,61,16691,7839,8852
Michoacán de Ocampo,62,24444,11525,12919
Michoacán de Ocampo,63,24519,11527,12992
Michoacán de Ocampo,64,21779,10109,11670
Michoacán de Ocampo,65,25220,11964,13256
Michoacán de Ocampo,66,18441,8773,9668
Michoacán de Ocampo,67,17214,8271,8943
Michoacán de Ocampo,68,19096,8978,10118
Michoacán de Ocampo,69,16376,7803,8573
Michoacán de Ocampo,70,25174,11852,13322
Michoacán de Ocampo,71,11721,5556,6165
Michoacán de Ocampo,72,17275,7983,9292
Michoacán de Ocampo,73,15284,7090,8194
Michoacán de Ocampo,74,14536,6862,7674
Michoacán de Ocampo,75,15816,7576,8240
Michoacán de Ocampo,76,12110,5775,6335
Michoacán de Ocampo,77,10045,4781,5264
Michoacán de Ocampo,78,12381,5951,6430
Michoacán de Ocampo,79,8461,4013,4448
Michoacán de Ocampo,80,13440,6138,7302
Michoacán de Ocampo,81,5341,2572,2769
Michoacán de Ocampo,82,7470,3490,3980
Michoacán de Ocampo,83,6960,3222,3738
Michoacán de Ocampo,84,6821,3161,3660
Michoacán de Ocampo,85,6898,3191,3707
Michoacán de Ocampo,86,5232,2423,2809
Michoacán de Ocampo,87,4272,1909,2363
Michoacán de Ocampo,88,3844,1811,2033
Michoacán de Ocampo,89,2914,1362,1552
Michoacán de Ocampo,90,3720,1678,2042
Michoacán de Ocampo,91,1238,558,680
Michoacán de Ocampo,92,1662,738,924
Michoacán de Ocampo,93,1299,586,713
Michoacán de Ocampo,94,1030,457,573
Michoacán de Ocampo,95,989,402,587
Michoacán de Ocampo,96,947,434,513
Michoacán de Ocampo,97,663,287,376
Michoacán de Ocampo,98,766,313,453
Michoacán de Ocampo,99,474,216,258
Michoacán de Ocampo,100,1046,451,595
Michoacán de Ocampo,NE,49337,24680,24657
Morelos,0,29440,15006,14434
Morelos,1,29717,15183,14534
Morelos,2,31359,16055,15304
Morelos,3,32540,16460,16080
Morelos,4,32613,16730,15883
Morelos,5,33094,16914,16180
Morelos,6,32778,16700,16078
Morelos,7,32903,16857,16046
Morelos,8,33866,17276,16590
Morelos,9,34267,17353,16914
Morelos,10,35165,18023,17142
Morelos,11,32166,16289,15877
Morelos,12,33251,16905,16346
Morelos,13,32626,16346,16280
Morelos,14,34279,17259,17020
Morelos,15,35974,18000,17974
Morelos,16,34740,17407,17333
Morelos,17,36435,18326,18109
Morelos,18,36715,18481,18234
Morelos,19,31761,15511,16250
Morelos,20,34027,16522,17505
Morelos,21,29511,14314,15197
Morelos,22,32102,15505,16597
Morelos,23,30625,14736,15889
Morelos,24,29406,14117,15289
Morelos,25,28947,13414,15533
Morelos,26,27105,12611,14494
Morelos,27,26375,12387,13988
Morelos,28,27044,12901,14143
Morelos,29,24073,11215,12858
Morelos,30,30425,14382,16043
Morelos,31,20644,9493,11151
Morelos,32,27689,12628,15061
Morelos,33,25209,11650,13559
Morelos,34,24845,11559,13286
Morelos,35,27219,12484,14735
Morelos,36,26569,12318,14251
Morelos,37,24739,11563,13176
Morelos,38,27393,12822,14571
Morelos,39,23152,10683,12469
Morelos,40,29474,13650,15824
Morelos,41,17008,7795,9213
Morelos,42,25617,11938,13679
Morelos,43,20368,9410,10958
Morelos,44,18914,8711,10203
Morelos,45,22206,10490,11716
Morelos,46,18664,8702,9962
Morelos,47,18381,8717,9664
Morelos,48,19629,9009,10620
Morelos,49,18225,8493,9732
Morelos,50,23247,11121,12126
Morelos,51,13246,6131,7115
Morelos,52,18395,8578,9817
Morelos,53,15683,7243,8440
Morelos,54,15711,7220,8491
Morelos,55,16415,7666,8749
Morelos,56,14776,7097,7679
Morelos,57,11842,5691,6151
Morelos,58,12640,6061,6579
Morelos,59,11231,5341,5890
Morelos,60,15295,7406,7889
Morelos,61,7575,3551,4024
Morelos,62,10651,5108,5543
Morelos,63,10579,4995,5584
Morelos,64,9504,4496,5008
Morelos,65,10136,4833,5303
Morelos,66,7566,3555,4011
Morelos,67,7518,3544,3974
Morelos,68,7959,3676,4283
Morelos,69,6925,3242,3683
Morelos,70,9512,4363,5149
Morelos,71,4475,2152,2323
Morelos,72,7050,3209,3841
Morelos,73,6119,2767,3352
Morelos,74,5832,2678,3154
Morelos,75,6214,2816,3398
Morelos,76,4975,2331,2644
Morelos,77,4172,1923,2249
Morelos,78,4740,2223,2517
Morelos,79,3434,1583,1851
Morelos,80,4827,2146,2681
Morelos,81,2189,988,1201
Morelos,82,2879,1259,1620
Morelos,83,2545,1161,1384
Morelos,84,2477,1067,1410
Morelos,85,2578,1143,1435
Morelos,86,1961,885,1076
Morelos,87,1678,779,899
Morelos,88,1316,599,717
Morelos,89,1034,456,578
Morelos,90,1124,500,624
Morelos,91,414,181,233
Morelos,92,472,205,267
Morelos,93,381,158,223
Morelos,94,311,103,208
Morelos,95,335,135,200
Morelos,96,265,122,143
Morelos,97,173,69,104
Morelos,98,214,83,131
Morelos,99,147,55,92
Morelos,100,327,136,191
Morelos,NE,24889,12458,12431
Nayarit,0,20220,10354,9866
Nayarit,1,21024,10630,10394
Nayarit,2,21690,11116,10574
Nayarit,3,21690,11037,10653
Nayarit,4,21420,11001,10419
Nayarit,5,20975,10793,10182
Nayarit,6,21035,10657,10378
Nayarit,7,20826,10512,10314
Nayarit,8,20960,10632,10328
Nayarit,9,21147,10659,10488
Nayarit,10,22078,11124,10954
Nayarit,11,20571,10577,9994
Nayarit,12,20784,10802,9982
Nayarit,13,19985,10240,9745
Nayarit,14,20890,10624,10266
Nayarit,15,22331,11294,11037
Nayarit,16,21279,10824,10455
Nayarit,17,21810,11062,10748
Nayarit,18,21805,10985,10820
Nayarit,19,19966,10039,9927
Nayarit,20,20681,10330,10351
Nayarit,21,19079,9359,9720
Nayarit,22,20105,10043,10062
Nayarit,23,18638,9260,9378
Nayarit,24,18190,9067,9123
Nayarit,25,17821,8656,9165
Nayarit,26,16416,7951,8465
Nayarit,27,16213,7950,8263
Nayarit,28,16347,7985,8362
Nayarit,29,15270,7523,7747
Nayarit,30,18068,8989,9079
Nayarit,31,13732,6697,7035
Nayarit,32,16577,8003,8574
Nayarit,33,15859,7699,8160
Nayarit,34,15284,7534,7750
Nayarit,35,16314,8099,8215
Nayarit,36,16648,8143,8505
Nayarit,37,14930,7528,7402
Nayarit,38,16228,8151,8077
Nayarit,39,14008,7032,6976
Nayarit,40,15908,7827,8081
Nayarit,41,11220,5587,5633
Nayarit,42,14725,7403,7322
Nayarit,43,11779,5690,6089
Nayarit,44,11043,5303,5740
Nayarit,45,12531,6111,6420
Nayarit,46,10936,5315,5621
Nayarit,47,10753,5259,5494
Nayarit,48,11266,5478,5788
Nayarit,49,10430,4984,5446
Nayarit,50,12012,5827,6185
Nayarit,51,8162,3893,4269
Nayarit,52,10255,4985,5270
Nayarit,53,9167,4436,4731
Nayarit,54,9173,4468,4705
Nayarit,55,9449,4656,4793
Nayarit,56,8752,4356,4396
Nayarit,57,7150,3586,3564
Nayarit,58,7380,3630,3750
Nayarit,59,7168,3465,3703
Nayarit,60,8653,4321,4332
Nayarit,61,4906,2365,2541
Nayarit,62,6478,3232,3246
Nayarit,63,6214,3080,3134
Nayarit,64,5818,2868,2950
Nayarit,65,5966,2914,3052
Nayarit,66,5053,2475,2578
Nayarit,67,4715,2473,2242
Nayarit,68,4897,2434,2463
Nayarit,69,4737,2398,2339
Nayarit,70,5732,2885,2847
Nayarit,71,3243,1586,1657
Nayarit,72,4382,2224,2158
Nayarit,73,3945,1984,1961
Nayarit,74,3764,1840,1924
Nayarit,75,3425,1781,1644
Nayarit,76,2993,1489,1504
Nayarit,77,2633,1341,1292
Nayarit,78,2773,1356,1417
Nayarit,79,2104,1035,1069
Nayarit,80,2759,1311,1448
Nayarit,81,1314,629,685
Nayarit,82,1610,760,850
Nayarit,83,1441,712,729
Nayarit,84,1566,738,828
Nayarit,85,1436,666,770
Nayarit,86,1186,563,623
Nayarit,87,982,462,520
Nayarit,88,785,356,429
Nayarit,89,722,343,379
Nayarit,90,775,341,434
Nayarit,91,296,133,163
Nayarit,92,437,191,246
Nayarit,93,342,164,178
Nayarit,94,263,115,148
Nayarit,95,228,106,122
Nayarit,96,183,90,93
Nayarit,97,146,66,80
Nayarit,98,146,60,86
Nayarit,99,96,46,50
Nayarit,100,247,134,113
Nayarit,NE,7435,3720,3715
Nuevo León,0,78214,39930,38284
Nuevo León,1,79154,40306,38848
Nuevo León,2,85538,43395,42143
Nuevo León,3,84961,42968,41993
Nuevo León,4,85493,43476,42017
Nuevo León,5,84207,42849,41358
Nuevo León,6,84714,43247,41467
Nuevo León,7,84787,43222,41565
Nuevo León,8,88562,44897,43665
Nuevo León,9,88255,44887,43368
Nuevo León,10,92353,47167,45186
Nuevo León,11,82666,42079,40587
Nuevo León,12,84219,43012,41207
Nuevo León,13,78044,39969,38075
Nuevo León,14,78086,39138,38948
Nuevo León,15,80541,40810,39731
Nuevo León,16,78402,39722,38680
Nuevo León,17,83629,42296,41333
Nuevo León,18,85551,43472,42079
Nuevo León,19,78305,39218,39087
Nuevo León,20,85547,42719,42828
Nuevo León,21,77853,39379,38474
Nuevo León,22,81225,41374,39851
Nuevo León,23,79935,40392,39543
Nuevo León,24,77163,38902,38261
Nuevo León,25,79356,39724,39632
Nuevo León,26,75828,37684,38144
Nuevo León,27,77243,38977,38266
Nuevo León,28,80474,40695,39779
Nuevo León,29,71185,35883,35302
Nuevo León,30,89026,44660,44366
Nuevo León,31,65384,32397,32987
Nuevo León,32,79437,39273,40164
Nuevo León,33,75933,37948,37985
Nuevo León,34,73956,36926,37030
Nuevo León,35,81689,40790,40899
Nuevo León,36,78088,38791,39297
Nuevo León,37,74872,37579,37293
Nuevo León,38,80415,40565,39850
Nuevo León,39,68293,34043,34250
Nuevo León,40,82359,41167,41192
Nuevo León,41,54667,27035,27632
Nuevo León,42,72273,36142,36131
Nuevo León,43,59597,29325,30272
Nuevo León,44,52112,25409,26703
Nuevo León,45,61899,30933,30966
Nuevo León,46,50550,24696,25854
Nuevo León,47,49086,24152,24934
Nuevo León,48,51490,25302,26188
Nuevo León,49,47581,23346,24235
Nuevo León,50,59290,29003,30287
Nuevo León,51,37006,17969,19037
Nuevo León,52,45352,22130,23222
Nuevo León,53,40838,19824,21014
Nuevo León,54,38315,18154,20161
Nuevo León,55,39629,19336,20293
Nuevo León,56,34372,16811,17561
Nuevo León,57,29379,14341,15038
Nuevo León,58,30066,14420,15646
Nuevo León,59,28694,14036,14658
Nuevo León,60,35943,17341,18602
Nuevo León,61,20659,9854,10805
Nuevo León,62,27166,13078,14088
Nuevo León,63,25259,12124,13135
Nuevo León,64,23580,11119,12461
Nuevo León,65,25150,12132,13018
Nuevo León,66,18417,8690,9727
Nuevo León,67,18639,9101,9538
Nuevo León,68,18483,8701,9782
Nuevo León,69,16114,7669,8445
Nuevo León,70,20655,9637,11018
Nuevo León,71,11471,5513,5958
Nuevo León,72,15793,7498,8295
Nuevo León,73,14620,6913,7707
Nuevo León,74,13092,6134,6958
Nuevo León,75,13366,6131,7235
Nuevo León,76,10006,4618,5388
Nuevo León,77,8306,3883,4423
Nuevo León,78,9392,4288,5104
Nuevo León,79,6979,3216,3763
Nuevo León,80,9389,4055,5334
Nuevo León,81,4969,2235,2734
Nuevo León,82,5867,2522,3345
Nuevo León,83,5205,2215,2990
Nuevo León,84,5025,2048,2977
Nuevo León,85,4813,1947,2866
Nuevo León,86,3765,1612,2153
Nuevo León,87,3055,1295,1760
Nuevo León,88,2419,976,1443
Nuevo León,89,1953,799,1154
Nuevo León,90,2073,830,1243
Nuevo León,91,845,310,535
Nuevo León,92,1060,412,648
Nuevo León,93,747,277,470
Nuevo León,94,669,237,432
Nuevo León,95,573,221,352
Nuevo León,96,451,174,277
Nuevo León,97,339,110,229
Nuevo León,98,297,105,192
Nuevo León,99,214,85,129
Nuevo León,100,460,172,288
Nuevo León,NE,63042,31616,31426
Oaxaca,0,69438,35160,34278
Oaxaca,1,71850,36573,35277
Oaxaca,2,74635,37688,36947
Oaxaca,3,78742,39887,38855
Oaxaca,4,78706,39849,38857
Oaxaca,5,78739,40021,38718
Oaxaca,6,79444,39874,39570
Oaxaca,7,78440,39511,38929
Oaxaca,8,80986,40883,40103
Oaxaca,9,82023,41544,40479
Oaxaca,10,87437,44793,42644
Oaxaca,11,76113,37960,38153
Oaxaca,12,83248,42379,40869
Oaxaca,13,81679,41087,40592
Oaxaca,14,85915,43228,42687
Oaxaca,15,89145,44225,44920
Oaxaca,16,81937,40786,41151
Oaxaca,17,85562,42584,42978
Oaxaca,18,84409,41801,42608
Oaxaca,19,65820,30985,34835
Oaxaca,20,72965,34084,38881
Oaxaca,21,55080,25452,29628
Oaxaca,22,64459,30316,34143
Oaxaca,23,61840,28242,33598
Oaxaca,24,59179,26961,32218
Oaxaca,25,59740,27392,32348
Oaxaca,26,52169,23518,28651
Oaxaca,27,52664,24282,28382
Oaxaca,28,55487,25306,30181
Oaxaca,29,48909,22047,26862
Oaxaca,30,66561,30495,36066
Oaxaca,31,40753,18497,22256
Oaxaca,32,54469,24699,29770
Oaxaca,33,50673,22823,27850
Oaxaca,34,46656,21260,25396
Oaxaca,35,54273,24837,29436
Oaxaca,36,48846,22263,26583
Oaxaca,37,44746,20678,24068
Oaxaca,38,53075,24515,28560
Oaxaca,39,43079,19715,23364
Oaxaca,40,57242,26755,30487
Oaxaca,41,30608,14119,16489
Oaxaca,42,46787,22127,24660
Oaxaca,43,38039,17094,20945
Oaxaca,44,35990,16429,19561
Oaxaca,45,43835,20276,23559
Oaxaca,46,35315,16363,18952
Oaxaca,47,33999,15743,18256
Oaxaca,48,38688,17801,20887
Oaxaca,49,35184,16304,18880
Oaxaca,50,45315,21044,24271
Oaxaca,51,24797,11491,13306
Oaxaca,52,33317,15676,17641
Oaxaca,53,29639,13727,15912
Oaxaca,54,30468,13726,16742
Oaxaca,55,32294,15146,17148
Oaxaca,56,28047,13580,14467
Oaxaca,57,23272,11040,12232
Oaxaca,58,26190,12090,14100
Oaxaca,59,24275,11333,12942
Oaxaca,60,33474,15789,17685
Oaxaca,61,15108,7129,7979
Oaxaca,62,20668,9783,10885
Oaxaca,63,21070,9805,11265
Oaxaca,64,19772,9030,10742
Oaxaca,65,21769,9805,11964
Oaxaca,66,17292,8038,9254
Oaxaca,67,16536,7695,8841
Oaxaca,68,18265,8472,9793
Oaxaca,69,16501,7583,8918
Oaxaca,70,25641,11447,14194
Oaxaca,71,10671,5116,5555
Oaxaca,72,16104,7471,8633
Oaxaca,73,14489,6732,7757
Oaxaca,74,13979,6480,7499
Oaxaca,75,15865,7278,8587
Oaxaca,76,11312,5324,5988
Oaxaca,77,9432,4439,4993
Oaxaca,78,11076,5276,5800
Oaxaca,79,7914,3738,4176
Oaxaca,80,12904,5660,7244
Oaxaca,81,4902,2408,2494
Oaxaca,82,6376,2931,3445
Oaxaca,83,5683,2656,3027
Oaxaca,84,5903,2760,3143
Oaxaca,85,6650,2958,3692
Oaxaca,86,4599,2138,2461
Oaxaca,87,3838,1762,2076
Oaxaca,88,3450,1562,1888
Oaxaca,89,2633,1211,1422
Oaxaca,90,3586,1536,2050
Oaxaca,91,1021,471,550
Oaxaca,92,1338,625,713
Oaxaca,93,1050,496,554
Oaxaca,94,845,353,492
Oaxaca,95,1060,430,630
Oaxaca,96,780,320,460
Oaxaca,97,519,230,289
Oaxaca,98,614,238,376
Oaxaca,99,433,183,250
Oaxaca,100,1047,407,640
Oaxaca,NE,22601,11179,11422
Puebla,0,107852,54889,52963
Puebla,1,110798,56326,54472
Puebla,2,116824,59233,57591
Puebla,3,119758,60540,59218
Puebla,4,119281,60596,58685
Puebla,5,120065,61121,58944
Puebla,6,123212,61960,61252
Puebla,7,123103,62431,60672
Puebla,8,128521,65164,63357
Puebla,9,125485,63446,62039
Puebla,10,130801,66971,63830
Puebla,11,113402,57241,56161
Puebla,12,121392,61328,60064
Puebla,13,116494,58603,57891
Puebla,14,122756,61514,61242
Puebla,15,128201,64111,64090
Puebla,16,119960,59884,60076
Puebla,17,124781,62316,62465
Puebla,18,125967,62494,63473
Puebla,19,105185,50293,54892
Puebla,20,115233,54998,60235
Puebla,21,93627,44279,49348
Puebla,22,105593,50227,55366
Puebla,23,100899,46944,53955
Puebla,24,96333,44739,51594
Puebla,25,94952,43957,50995
Puebla,26,87403,40030,47373
Puebla,27,87428,40472,46956
Puebla,28,91085,42125,48960
Puebla,29,80690,37042,43648
Puebla,30,104293,48274,56019
Puebla,31,66156,30382,35774
Puebla,32,90007,41179,48828
Puebla,33,81765,37236,44529
Puebla,34,78271,35878,42393
Puebla,35,86871,40137,46734
Puebla,36,80956,37234,43722
Puebla,37,73164,34146,39018
Puebla,38,85332,39601,45731
Puebla,39,68638,31572,37066
Puebla,40,89353,41594,47759
Puebla,41,49887,22794,27093
Puebla,42,75516,35343,40173
Puebla,43,58818,26675,32143
Puebla,44,54982,24822,30160
Puebla,45,66151,30765,35386
Puebla,46,53725,24735,28990
Puebla,47,50938,23762,27176
Puebla,48,57590,26558,31032
Puebla,49,51021,23488,27533
Puebla,50,65727,30377,35350
Puebla,51,36638,16864,19774
Puebla,52,50648,23593,27055
Puebla,53,43032,19807,23225
Puebla,54,43975,19736,24239
Puebla,55,46355,21631,24724
Puebla,56,41215,19351,21864
Puebla,57,32709,15359,17350
Puebla,58,36556,16995,19561
Puebla,59,32084,14871,17213
Puebla,60,43983,20283,23700
Puebla,61,20755,9557,11198
Puebla,62,29367,13514,15853
Puebla,63,29290,13430,15860
Puebla,64,27170,12257,14913
Puebla,65,29527,13481,16046
Puebla,66,21893,10163,11730
Puebla,67,20879,9706,11173
Puebla,68,23378,10684,12694
Puebla,69,20313,9350,10963
Puebla,70,28601,12766,15835
Puebla,71,13005,5942,7063
Puebla,72,20333,9120,11213
Puebla,73,17835,8013,9822
Puebla,74,16911,7567,9344
Puebla,75,17910,8005,9905
Puebla,76,14085,6321,7764
Puebla,77,11401,5229,6172
Puebla,78,14129,6374,7755
Puebla,79,9494,4309,5185
Puebla,80,14502,6266,8236
Puebla,81,5853,2703,3150
Puebla,82,8157,3587,4570
Puebla,83,7299,3169,4130
Puebla,84,7556,3244,4312
Puebla,85,8012,3323,4689
Puebla,86,5880,2570,3310
Puebla,87,4861,2127,2734
Puebla,88,4275,1782,2493
Puebla,89,3352,1366,1986
Puebla,90,4114,1632,2482
Puebla,91,1350,601,749
Puebla,92,1740,714,1026
Puebla,93,1292,544,748
Puebla,94,1032,415,617
Puebla,95,1140,404,736
Puebla,96,891,322,569
Puebla,97,614,254,360
Puebla,98,736,252,484
Puebla,99,464,181,283
Puebla,100,1057,329,728
Puebla,NE,55939,27966,27973
Querétaro,0,34390,17671,16719
Querétaro,1,34650,17617,17033
Querétaro,2,36839,18726,18113
Querétaro,3,36879,18573,18306
Querétaro,4,36158,18385,17773
Querétaro,5,36020,18381,17639
Querétaro,6,36254,18275,17979
Querétaro,7,36779,18632,18147
Querétaro,8,37305,19044,18261
Querétaro,9,37183,18898,18285
Querétaro,10,39176,19701,19475
Querétaro,11,35111,17885,17226
Querétaro,12,36693,18698,17995
Querétaro,13,35279,17962,17317
Querétaro,14,36349,18207,18142
Querétaro,15,38369,19266,19103
Querétaro,16,36874,18349,18525
Querétaro,17,38768,19463,19305
Querétaro,18,38987,19299,19688
Querétaro,19,34243,16527,17716
Querétaro,20,36268,17278,18990
Querétaro,21,31701,15174,16527
Querétaro,22,34716,16941,17775
Querétaro,23,33336,15871,17465
Querétaro,24,32499,15453,17046
Querétaro,25,32552,15446,17106
Querétaro,26,30304,14208,16096
Querétaro,27,30747,14511,16236
Querétaro,28,31381,14895,16486
Querétaro,29,28316,13257,15059
Querétaro,30,34772,16325,18447
Querétaro,31,24076,11151,12925
Querétaro,32,30543,14290,16253
Querétaro,33,28296,13229,15067
Querétaro,34,27482,13086,14396
Querétaro,35,30127,14156,15971
Querétaro,36,28300,13404,14896
Querétaro,37,26889,12945,13944
Querétaro,38,28755,13716,15039
Querétaro,39,24367,11507,12860
Querétaro,40,29825,13918,15907
Querétaro,41,18548,8747,9801
Querétaro,42,25833,12285,13548
Querétaro,43,21059,9917,11142
Querétaro,44,19010,8896,10114
Querétaro,45,22145,10558,11587
Querétaro,46,18638,8744,9894
Querétaro,47,17594,8471,9123
Querétaro,48,18296,8658,9638
Querétaro,49,16776,8041,8735
Querétaro,50,20755,9968,10787
Querétaro,51,12624,5999,6625
Querétaro,52,15882,7630,8252
Querétaro,53,14114,6675,7439
Querétaro,54,13495,6356,7139
Querétaro,55,13997,6666,7331
Querétaro,56,12269,5898,6371
Querétaro,57,10205,4798,5407
Querétaro,58,10281,4897,5384
Querétaro,59,9536,4653,4883
Querétaro,60,11881,5694,6187
Querétaro,61,6420,2947,3473
Querétaro,62,8518,3959,4559
Querétaro,63,8529,4015,4514
Querétaro,64,7643,3495,4148
Querétaro,65,8117,3725,4392
Querétaro,66,6210,2934,3276
Querétaro,67,5782,2763,3019
Querétaro,68,6072,2829,3243
Querétaro,69,5381,2506,2875
Querétaro,70,7198,3358,3840
Querétaro,71,3588,1684,1904
Querétaro,72,5136,2370,2766
Querétaro,73,4571,2127,2444
Querétaro,74,4208,1882,2326
Querétaro,75,4217,1986,2231
Querétaro,76,3604,1676,1928
Querétaro,77,2794,1231,1563
Querétaro,78,3424,1575,1849
Querétaro,79,2455,1094,1361
Querétaro,80,3383,1448,1935
Querétaro,81,1545,675,870
Querétaro,82,2062,921,1141
Querétaro,83,1899,808,1091
Querétaro,84,1871,789,1082
Querétaro,85,1801,775,1026
Querétaro,86,1471,644,827
Querétaro,87,1213,523,690
Querétaro,88,1060,460,600
Querétaro,89,855,349,506
Querétaro,90,898,375,523
Querétaro,91,361,135,226
Querétaro,92,441,175,266
Querétaro,93,362,124,238
Querétaro,94,282,105,177
Querétaro,95,260,74,186
Querétaro,96,229,95,134
Querétaro,97,165,62,103
Querétaro,98,153,38,115
Querétaro,99,115,34,81
Querétaro,100,207,70,137
Querétaro,NE,12941,6482,6459
Quintana Roo,0,25583,13123,12460
Quintana Roo,1,25909,13270,12639
Quintana Roo,2,27136,13699,13437
Quintana Roo,3,27951,13998,13953
Quintana Roo,4,26649,13613,13036
Quintana Roo,5,25518,12957,12561
Quintana Roo,6,25074,12664,12410
Quintana Roo,7,25477,12896,12581
Quintana Roo,8,25599,12928,12671
Quintana Roo,9,25328,12706,12622
Quintana Roo,10,26391,13568,12823
Quintana Roo,11,23298,11933,11365
Quintana Roo,12,24144,12388,11756
Quintana Roo,13,23336,11848,11488
Quintana Roo,14,24139,12053,12086
Quintana Roo,15,25339,12799,12540
Quintana Roo,16,24168,12166,12002
Quintana Roo,17,26593,13595,12998
Quintana Roo,18,27865,14239,13626
Quintana Roo,19,24685,12612,12073
Quintana Roo,20,28352,14322,14030
Quintana Roo,21,24021,12154,11867
Quintana Roo,22,28372,14420,13952
Quintana Roo,23,27644,13984,13660
Quintana Roo,24,27160,13639,13521
Quintana Roo,25,27972,14109,13863
Quintana Roo,26,25627,12663,12964
Quintana Roo,27,25838,13065,12773
Quintana Roo,28,27597,14022,13575
Quintana Roo,29,23582,11835,11747
Quintana Roo,30,30393,15453,14940
Quintana Roo,31,19359,9665,9694
Quintana Roo,32,25737,12848,12889
Quintana Roo,33,23470,11697,11773
Quintana Roo,34,21695,10925,10770
Quintana Roo,35,24779,12546,12233
Quintana Roo,36,22868,11475,11393
Quintana Roo,37,20880,10659,10221
Quintana Roo,38,23730,12260,11470
Quintana Roo,39,18912,9656,9256
Quintana Roo,40,24580,12761,11819
Quintana Roo,41,13268,6796,6472
Quintana Roo,42,20149,10641,9508
Quintana Roo,43,15444,7841,7603
Quintana Roo,44,13500,6847,6653
Quintana Roo,45,16853,8793,8060
Quintana Roo,46,12434,6291,6143
Quintana Roo,47,12100,6214,5886
Quintana Roo,48,12509,6443,6066
Quintana Roo,49,10734,5495,5239
Quintana Roo,50,14336,7438,6898
Quintana Roo,51,7521,3778,3743
Quintana Roo,52,10019,5215,4804
Quintana Roo,53,8384,4297,4087
Quintana Roo,54,8369,4137,4232
Quintana Roo,55,9016,4577,4439
Quintana Roo,56,7488,3925,3563
Quintana Roo,57,5868,3051,2817
Quintana Roo,58,6292,3258,3034
Quintana Roo,59,5388,2780,2608
Quintana Roo,60,7619,3862,3757
Quintana Roo,61,3495,1726,1769
Quintana Roo,62,4837,2490,2347
Quintana Roo,63,4710,2389,2321
Quintana Roo,64,3817,1906,1911
Quintana Roo,65,4198,2179,2019
Quintana Roo,66,3074,1563,1511
Quintana Roo,67,2830,1482,1348
Quintana Roo,68,2870,1438,1432
Quintana Roo,69,2458,1262,1196
Quintana Roo,70,3521,1762,1759
Quintana Roo,71,1579,826,753
Quintana Roo,72,2136,1089,1047
Quintana Roo,73,1789,896,893
Quintana Roo,74,1736,896,840
Quintana Roo,75,1833,920,913
Quintana Roo,76,1361,694,667
Quintana Roo,77,1123,592,531
Quintana Roo,78,1308,666,642
Quintana Roo,79,828,404,424
Quintana Roo,80,1312,677,635
Quintana Roo,81,505,244,261
Quintana Roo,82,660,332,328
Quintana Roo,83,562,276,286
Quintana Roo,84,600,302,298
Quintana Roo,85,627,321,306
Quintana Roo,86,422,224,198
Quintana Roo,87,398,193,205
Quintana Roo,88,338,179,159
Quintana Roo,89,285,131,154
Quintana Roo,90,322,155,167
Quintana Roo,91,104,51,53
Quintana Roo,92,155,88,67
Quintana Roo,93,98,58,40
Quintana Roo,94,82,35,47
Quintana Roo,95,66,36,30
Quintana Roo,96,81,43,38
Quintana Roo,97,44,18,26
Quintana Roo,98,73,40,33
Quintana Roo,99,33,15,18
Quintana Roo,100,76,43,33
Quintana Roo,NE,19191,9687,9504
San Luis Potosí,0,46651,23632,23019
San Luis Potosí,1,47328,24095,23233
San Luis Potosí,2,50341,25542,24799
San Luis Potosí,3,51324,25917,25407
San Luis Potosí,4,51413,26287,25126
San Luis Potosí,5,52470,26546,25924
San Luis Potosí,6,52539,26635,25904
San Luis Potosí,7,53257,26837,26420
San Luis Potosí,8,54665,27656,27009
San Luis Potosí,9,55983,28353,27630
San Luis Potosí,10,57871,29522,28349
San Luis Potosí,11,51630,25947,25683
San Luis Potosí,12,53747,27378,26369
San Luis Potosí,13,52472,26721,25751
San Luis Potosí,14,54434,27267,27167
San Luis Potosí,15,56706,28841,27865
San Luis Potosí,16,54201,27239,26962
San Luis Potosí,17,56533,28281,28252
San Luis Potosí,18,55548,27818,27730
San Luis Potosí,19,46685,23025,23660
San Luis Potosí,20,48348,23616,24732
San Luis Potosí,21,41772,20152,21620
San Luis Potosí,22,45100,21820,23280
San Luis Potosí,23,43393,20645,22748
San Luis Potosí,24,41107,19373,21734
San Luis Potosí,25,40281,19038,21243
San Luis Potosí,26,38170,17776,20394
San Luis Potosí,27,38153,17894,20259
San Luis Potosí,28,38195,17746,20449
San Luis Potosí,29,34306,15865,18441
San Luis Potosí,30,42172,19881,22291
San Luis Potosí,31,29939,14006,15933
San Luis Potosí,32,38033,17623,20410
San Luis Potosí,33,35653,16758,18895
San Luis Potosí,34,34453,16172,18281
San Luis Potosí,35,37490,17545,19945
San Luis Potosí,36,36213,16951,19262
San Luis Potosí,37,33933,16085,17848
San Luis Potosí,38,36410,17420,18990
San Luis Potosí,39,31596,14849,16747
San Luis Potosí,40,37647,17795,19852
San Luis Potosí,41,24909,11705,13204
San Luis Potosí,42,34503,16470,18033
San Luis Potosí,43,28682,13277,15405
San Luis Potosí,44,26631,12570,14061
San Luis Potosí,45,30358,14293,16065
San Luis Potosí,46,25599,12114,13485
San Luis Potosí,47,24891,11724,13167
San Luis Potosí,48,25866,12236,13630
San Luis Potosí,49,24507,11546,12961
San Luis Potosí,50,29565,14029,15536
San Luis Potosí,51,18508,8864,9644
San Luis Potosí,52,23243,11158,12085
San Luis Potosí,53,20585,9813,10772
San Luis Potosí,54,20618,9728,10890
San Luis Potosí,55,21155,10188,10967
San Luis Potosí,56,18741,9232,9509
San Luis Potosí,57,15901,7734,8167
San Luis Potosí,58,16044,7712,8332
San Luis Potosí,59,15635,7697,7938
San Luis Potosí,60,19712,9409,10303
San Luis Potosí,61,10969,5332,5637
San Luis Potosí,62,14558,6916,7642
San Luis Potosí,63,14337,6932,7405
San Luis Potosí,64,13384,6369,7015
San Luis Potosí,65,13459,6310,7149
San Luis Potosí,66,11421,5570,5851
San Luis Potosí,67,10555,5277,5278
San Luis Potosí,68,10848,5201,5647
San Luis Potosí,69,10388,5168,5220
San Luis Potosí,70,13981,6660,7321
San Luis Potosí,71,7292,3596,3696
San Luis Potosí,72,10407,4997,5410
San Luis Potosí,73,9518,4568,4950
San Luis Potosí,74,9015,4379,4636
San Luis Potosí,75,9277,4473,4804
San Luis Potosí,76,7342,3636,3706
San Luis Potosí,77,6073,2960,3113
San Luis Potosí,78,6911,3354,3557
San Luis Potosí,79,5092,2514,2578
San Luis Potosí,80,7076,3338,3738
San Luis Potosí,81,3506,1736,1770
San Luis Potosí,82,4610,2206,2404
San Luis Potosí,83,4079,1940,2139
San Luis Potosí,84,4054,1898,2156
San Luis Potosí,85,4000,1810,2190
San Luis Potosí,86,3205,1533,1672
San Luis Potosí,87,2533,1249,1284
San Luis Potosí,88,2004,926,1078
San Luis Potosí,89,1695,798,897
San Luis Potosí,90,1778,797,981
San Luis Potosí,91,632,298,334
San Luis Potosí,92,783,331,452
San Luis Potosí,93,614,280,334
San Luis Potosí,94,496,209,287
San Luis Potosí,95,527,212,315
San Luis Potosí,96,439,189,250
San Luis Potosí,97,338,161,177
San Luis Potosí,98,291,120,171
San Luis Potosí,99,229,105,124
San Luis Potosí,100,548,205,343
San Luis Potosí,NE,23439,11765,11674
Sinaloa,0,46236,23430,22806
Sinaloa,1,49086,25180,23906
Sinaloa,2,52596,26659,25937
Sinaloa,3,51599,26247,25352
Sinaloa,4,52926,27148,25778
Sinaloa,5,51959,26544,25415
Sinaloa,6,51721,26225,25496
Sinaloa,7,52607,26744,25863
Sinaloa,8,54244,27648,26596
Sinaloa,9,54007,27549,26458
Sinaloa,10,56362,28505,27857
Sinaloa,11,52093,26382,25711
Sinaloa,12,54306,27934,26372
Sinaloa,13,53405,27206,26199
Sinaloa,14,54389,27553,26836
Sinaloa,15,56544,28546,27998
Sinaloa,16,54594,27657,26937
Sinaloa,17,55805,28402,27403
Sinaloa,18,57838,29440,28398
Sinaloa,19,50759,25161,25598
Sinaloa,20,52889,26528,26361
Sinaloa,21,47486,23677,23809
Sinaloa,22,49978,25139,24839
Sinaloa,23,47234,23738,23496
Sinaloa,24,45320,22552,22768
Sinaloa,25,45444,22250,23194
Sinaloa,26,41252,20166,21086
Sinaloa,27,40167,19936,20231
Sinaloa,28,42379,20829,21550
Sinaloa,29,38598,18901,19697
Sinaloa,30,47722,23696,24026
Sinaloa,31,34586,16673,17913
Sinaloa,32,43050,21066,21984
Sinaloa,33,41019,20089,20930
Sinaloa,34,40625,20121,20504
Sinaloa,35,43603,21450,22153
Sinaloa,36,42973,20869,22104
Sinaloa,37,39831,19772,20059
Sinaloa,38,43948,21891,22057
Sinaloa,39,37267,18202,19065
Sinaloa,40,43225,21062,22163
Sinaloa,41,30570,14924,15646
Sinaloa,42,40552,20478,20074
Sinaloa,43,32285,15752,16533
Sinaloa,44,29821,14289,15532
Sinaloa,45,34430,16939,17491
Sinaloa,46,29472,14121,15351
Sinaloa,47,28493,13820,14673
Sinaloa,48,29661,14329,15332
Sinaloa,49,27859,13185,14674
Sinaloa,50,33920,16246,17674
Sinaloa,51,21441,10343,11098
Sinaloa,52,27719,13526,14193
Sinaloa,53,24394,11731,12663
Sinaloa,54,23998,11245,12753
Sinaloa,55,25010,12244,12766
Sinaloa,56,22642,11206,11436
Sinaloa,57,18629,9150,9479
Sinaloa,58,19578,9577,10001
Sinaloa,59,18077,8853,9224
Sinaloa,60,23288,11469,11819
Sinaloa,61,12708,6196,6512
Sinaloa,62,17049,8432,8617
Sinaloa,63,16029,7891,8138
Sinaloa,64,14520,7094,7426
Sinaloa,65,15865,7895,7970
Sinaloa,66,12497,6135,6362
Sinaloa,67,11889,6005,5884
Sinaloa,68,12283,6062,6221
Sinaloa,69,11498,5745,5753
Sinaloa,70,14190,7029,7161
Sinaloa,71,7453,3736,3717
Sinaloa,72,10870,5373,5497
Sinaloa,73,9518,4733,4785
Sinaloa,74,8992,4418,4574
Sinaloa,75,8095,3956,4139
Sinaloa,76,6902,3427,3475
Sinaloa,77,5858,2800,3058
Sinaloa,78,6262,3126,3136
Sinaloa,79,4542,2152,2390
Sinaloa,80,6253,2869,3384
Sinaloa,81,2698,1357,1341
Sinaloa,82,3808,1750,2058
Sinaloa,83,3388,1573,1815
Sinaloa,84,3316,1479,1837
Sinaloa,85,3150,1436,1714
Sinaloa,86,2612,1152,1460
Sinaloa,87,1993,860,1133
Sinaloa,88,1628,724,904
Sinaloa,89,1426,605,821
Sinaloa,90,1562,651,911
Sinaloa,91,597,259,338
Sinaloa,92,773,311,462
Sinaloa,93,668,273,395
Sinaloa,94,502,226,276
Sinaloa,95,484,185,299
Sinaloa,96,404,159,245
Sinaloa,97,264,128,136
Sinaloa,98,289,123,166
Sinaloa,99,184,70,114
Sinaloa,100,418,176,242
Sinaloa,NE,10813,5436,5377
Sonora,0,46728,23906,22822
Sonora,1,48032,24307,23725
Sonora,2,51770,26359,25411
Sonora,3,52478,26847,25631
Sonora,4,51961,26496,25465
Sonora,5,50649,25854,24795
Sonora,6,50610,25745,24865
Sonora,7,52242,26574,25668
Sonora,8,53361,27399,25962
Sonora,9,53088,27026,26062
Sonora,10,54789,28172,26617
Sonora,11,50658,25802,24856
Sonora,12,51766,26586,25180
Sonora,13,49621,25368,24253
Sonora,14,50049,25408,24641
Sonora,15,50684,25766,24918
Sonora,16,49487,25255,24232
Sonora,17,51621,26336,25285
Sonora,18,52786,27022,25764
Sonora,19,46932,24027,22905
Sonora,20,48245,24540,23705
Sonora,21,44907,22912,21995
Sonora,22,45493,23243,22250
Sonora,23,45218,23086,22132
Sonora,24,44284,22539,21745
Sonora,25,43002,21719,21283
Sonora,26,41172,20594,20578
Sonora,27,41405,20985,20420
Sonora,28,42405,21452,20953
Sonora,29,39267,19790,19477
Sonora,30,46390,23480,22910
Sonora,31,35268,17228,18040
Sonora,32,42155,21089,21066
Sonora,33,41506,20912,20594
Sonora,34,40591,20437,20154
Sonora,35,42441,21361,21080
Sonora,36,41883,20987,20896
Sonora,37,39401,19906,19495
Sonora,38,42442,21672,20770
Sonora,39,36564,18243,18321
Sonora,40,41795,20812,20983
Sonora,41,30028,14899,15129
Sonora,42,38724,19684,19040
Sonora,43,32271,15944,16327
Sonora,44,29435,14383,15052
Sonora,45,33214,16688,16526
Sonora,46,28546,14017,14529
Sonora,47,28621,14144,14477
Sonora,48,29582,14663,14919
Sonora,49,27879,13746,14133
Sonora,50,32354,15907,16447
Sonora,51,21311,10389,10922
Sonora,52,27203,13534,13669
Sonora,53,24067,11887,12180
Sonora,54,23660,11680,11980
Sonora,55,23172,11424,11748
Sonora,56,21224,10625,10599
Sonora,57,18226,9162,9064
Sonora,58,17902,8863,9039
Sonora,59,16750,8392,8358
Sonora,60,20111,9927,10184
Sonora,61,11468,5578,5890
Sonora,62,15444,7633,7811
Sonora,63,14527,7105,7422
Sonora,64,12893,6263,6630
Sonora,65,14464,7109,7355
Sonora,66,10624,5110,5514
Sonora,67,10687,5255,5432
Sonora,68,10781,5256,5525
Sonora,69,9684,4694,4990
Sonora,70,11818,5677,6141
Sonora,71,6506,3229,3277
Sonora,72,9348,4557,4791
Sonora,73,8395,4056,4339
Sonora,74,7845,3760,4085
Sonora,75,7082,3460,3622
Sonora,76,6200,2988,3212
Sonora,77,5145,2479,2666
Sonora,78,5482,2705,2777
Sonora,79,4151,1953,2198
Sonora,80,5234,2381,2853
Sonora,81,2751,1276,1475
Sonora,82,3359,1564,1795
Sonora,83,2968,1307,1661
Sonora,84,2707,1218,1489
Sonora,85,2514,1116,1398
Sonora,86,2129,917,1212
Sonora,87,1809,800,1009
Sonora,88,1360,600,760
Sonora,89,1149,504,645
Sonora,90,1177,487,690
Sonora,91,474,203,271
Sonora,92,610,251,359
Sonora,93,458,179,279
Sonora,94,356,127,229
Sonora,95,279,112,167
Sonora,96,259,97,162
Sonora,97,156,60,96
Sonora,98,153,64,89
Sonora,99,93,31,62
Sonora,100,224,87,137
Sonora,NE,20291,10164,10127
Tabasco,0,43095,22034,21061
Tabasco,1,43491,22249,21242
Tabasco,2,44868,22933,21935
Tabasco,3,46540,23473,23067
Tabasco,4,45698,23505,22193
Tabasco,5,44660,22704,21956
Tabasco,6,44316,22282,22034
Tabasco,7,44928,22763,22165
Tabasco,8,45519,23335,22184
Tabasco,9,45638,23061,22577
Tabasco,10,47527,24195,23332
Tabasco,11,40884,20753,20131
Tabasco,12,44232,22687,21545
Tabasco,13,43260,21782,21478
Tabasco,14,44873,22387,22486
Tabasco,15,45489,22983,22506
Tabasco,16,43374,21740,21634
Tabasco,17,48276,24259,24017
Tabasco,18,47163,23753,23410
Tabasco,19,39955,19176,20779
Tabasco,20,44195,21528,22667
Tabasco,21,36533,17601,18932
Tabasco,22,43198,20947,22251
Tabasco,23,42094,20256,21838
Tabasco,24,40822,19716,21106
Tabasco,25,40473,18931,21542
Tabasco,26,36619,17085,19534
Tabasco,27,36928,17434,19494
Tabasco,28,38204,18044,20160
Tabasco,29,33647,15675,17972
Tabasco,30,43906,20921,22985
Tabasco,31,27337,12801,14536
Tabasco,32,37247,17238,20009
Tabasco,33,33570,15694,17876
Tabasco,34,32332,15175,17157
Tabasco,35,35203,16530,18673
Tabasco,36,33310,15683,17627
Tabasco,37,30960,14605,16355
Tabasco,38,36769,17781,18988
Tabasco,39,28680,13549,15131
Tabasco,40,37975,18576,19399
Tabasco,41,19404,9244,10160
Tabasco,42,31074,15379,15695
Tabasco,43,24703,11837,12866
Tabasco,44,22844,10988,11856
Tabasco,45,27352,13527,13825
Tabasco,46,21887,10670,11217
Tabasco,47,21364,10522,10842
Tabasco,48,24601,12246,12355
Tabasco,49,21222,10410,10812
Tabasco,50,27117,13485,13632
Tabasco,51,14115,6976,7139
Tabasco,52,19652,9815,9837
Tabasco,53,17141,8380,8761
Tabasco,54,17084,8256,8828
Tabasco,55,18380,9055,9325
Tabasco,56,15968,8148,7820
Tabasco,57,12368,6162,6206
Tabasco,58,13851,6838,7013
Tabasco,59,11783,5779,6004
Tabasco,60,16542,8309,8233
Tabasco,61,6712,3248,3464
Tabasco,62,9917,4968,4949
Tabasco,63,9740,4800,4940
Tabasco,64,8815,4282,4533
Tabasco,65,10864,5385,5479
Tabasco,66,7300,3487,3813
Tabasco,67,6577,3249,3328
Tabasco,68,7449,3629,3820
Tabasco,69,6538,3204,3334
Tabasco,70,10809,5284,5525
Tabasco,71,4107,2045,2062
Tabasco,72,6635,3272,3363
Tabasco,73,5662,2747,2915
Tabasco,74,5319,2611,2708
Tabasco,75,5850,2837,3013
Tabasco,76,4414,2238,2176
Tabasco,77,3469,1786,1683
Tabasco,78,4597,2326,2271
Tabasco,79,2718,1430,1288
Tabasco,80,4272,2077,2195
Tabasco,81,1526,799,727
Tabasco,82,2341,1189,1152
Tabasco,83,2039,1007,1032
Tabasco,84,2079,1020,1059
Tabasco,85,2269,1044,1225
Tabasco,86,1584,778,806
Tabasco,87,1284,594,690
Tabasco,88,1107,551,556
Tabasco,89,890,407,483
Tabasco,90,1202,564,638
Tabasco,91,345,170,175
Tabasco,92,449,223,226
Tabasco,93,371,186,185
Tabasco,94,302,132,170
Tabasco,95,370,148,222
Tabasco,96,277,116,161
Tabasco,97,199,93,106
Tabasco,98,277,141,136
Tabasco,99,174,91,83
Tabasco,100,536,235,301
Tabasco,NE,24978,12515,12463
Tamaulipas,0,56296,28700,27596
Tamaulipas,1,58683,29949,28734
Tamaulipas,2,62780,32134,30646
Tamaulipas,3,63035,32131,30904
Tamaulipas,4,62143,31543,30600
Tamaulipas,5,60887,31019,29868
Tamaulipas,6,60349,30324,30025
Tamaulipas,7,59670,30428,29242
Tamaulipas,8,62337,31623,30714
Tamaulipas,9,61879,31224,30655
Tamaulipas,10,64320,32959,31361
Tamaulipas,11,56830,29001,27829
Tamaulipas,12,58830,29985,28845
Tamaulipas,13,56857,29092,27765
Tamaulipas,14,57632,29067,28565
Tamaulipas,15,59750,30304,29446
Tamaulipas,16,57397,29103,28294
Tamaulipas,17,59994,30212,29782
Tamaulipas,18,60546,30858,29688
Tamaulipas,19,53995,26774,27221
Tamaulipas,20,58406,29112,29294
Tamaulipas,21,52510,26140,26370
Tamaulipas,22,56107,28068,28039
Tamaulipas,23,55245,27305,27940
Tamaulipas,24,53185,26433,26752
Tamaulipas,25,54409,26685,27724
Tamaulipas,26,51227,24687,26540
Tamaulipas,27,51020,24977,26043
Tamaulipas,28,53225,26196,27029
Tamaulipas,29,48235,23670,24565
Tamaulipas,30,60089,29493,30596
Tamaulipas,31,42431,20343,22088
Tamaulipas,32,53380,25723,27657
Tamaulipas,33,50873,24876,25997
Tamaulipas,34,48540,23673,24867
Tamaulipas,35,53994,26424,27570
Tamaulipas,36,50937,24614,26323
Tamaulipas,37,48321,23572,24749
Tamaulipas,38,51885,25512,26373
Tamaulipas,39,45449,22156,23293
Tamaulipas,40,54812,26794,28018
Tamaulipas,41,35628,17429,18199
Tamaulipas,42,48893,24105,24788
Tamaulipas,43,39237,18946,20291
Tamaulipas,44,35166,17030,18136
Tamaulipas,45,41671,20713,20958
Tamaulipas,46,34612,16797,17815
Tamaulipas,47,33344,16361,16983
Tamaulipas,48,35221,17259,17962
Tamaulipas,49,32334,15699,16635
Tamaulipas,50,39468,19140,20328
Tamaulipas,51,24076,11631,12445
Tamaulipas,52,30557,15022,15535
Tamaulipas,53,27017,13011,14006
Tamaulipas,54,26630,12798,13832
Tamaulipas,55,26947,13232,13715
Tamaulipas,56,23547,11676,11871
Tamaulipas,57,19577,9489,10088
Tamaulipas,58,20133,9678,10455
Tamaulipas,59,19113,9252,9861
Tamaulipas,60,24301,11558,12743
Tamaulipas,61,13479,6292,7187
Tamaulipas,62,18246,8622,9624
Tamaulipas,63,17575,8331,9244
Tamaulipas,64,16165,7556,8609
Tamaulipas,65,16603,7784,8819
Tamaulipas,66,12897,6176,6721
Tamaulipas,67,12426,5897,6529
Tamaulipas,68,12826,5970,6856
Tamaulipas,69,11386,5352,6034
Tamaulipas,70,14969,7070,7899
Tamaulipas,71,7920,3740,4180
Tamaulipas,72,11083,5196,5887
Tamaulipas,73,10202,4773,5429
Tamaulipas,74,9445,4388,5057
Tamaulipas,75,9660,4633,5027
Tamaulipas,76,7584,3497,4087
Tamaulipas,77,6466,2994,3472
Tamaulipas,78,6561,3159,3402
Tamaulipas,79,5151,2381,2770
Tamaulipas,80,7089,3247,3842
Tamaulipas,81,3518,1627,1891
Tamaulipas,82,4246,1874,2372
Tamaulipas,83,3845,1676,2169
Tamaulipas,84,3689,1630,2059
Tamaulipas,85,3575,1529,2046
Tamaulipas,86,2910,1318,1592
Tamaulipas,87,2319,1057,1262
Tamaulipas,88,1789,776,1013
Tamaulipas,89,1485,622,863
Tamaulipas,90,1562,609,953
Tamaulipas,91,564,230,334
Tamaulipas,92,756,331,425
Tamaulipas,93,510,231,279
Tamaulipas,94,460,188,272
Tamaulipas,95,404,170,234
Tamaulipas,96,364,128,236
Tamaulipas,97,244,100,144
Tamaulipas,98,250,102,148
Tamaulipas,99,165,74,91
Tamaulipas,100,408,169,239
Tamaulipas,NE,101796,50993,50803
Tlaxcala,0,21615,11029,10586
Tlaxcala,1,22351,11421,10930
Tlaxcala,2,23461,11818,11643
Tlaxcala,3,23849,12024,11825
Tlaxcala,4,24797,12688,12109
Tlaxcala,5,24142,12252,11890
Tlaxcala,6,24701,12449,12252
Tlaxcala,7,24706,12821,11885
Tlaxcala,8,25421,12890,12531
Tlaxcala,9,24360,12261,12099
Tlaxcala,10,25567,13072,12495
Tlaxcala,11,22474,11332,11142
Tlaxcala,12,23534,11882,11652
Tlaxcala,13,23130,11753,11377
Tlaxcala,14,23929,11931,11998
Tlaxcala,15,24918,12650,12268
Tlaxcala,16,23281,11701,11580
Tlaxcala,17,24706,12459,12247
Tlaxcala,18,24717,12464,12253
Tlaxcala,19,21550,10557,10993
Tlaxcala,20,23156,11360,11796
Tlaxcala,21,19096,9225,9871
Tlaxcala,22,21658,10544,11114
Tlaxcala,23,20676,9757,10919
Tlaxcala,24,20195,9520,10675
Tlaxcala,25,20026,9394,10632
Tlaxcala,26,18795,8582,10213
Tlaxcala,27,18574,8530,10044
Tlaxcala,28,19164,8859,10305
Tlaxcala,29,17161,7870,9291
Tlaxcala,30,22011,10197,11814
Tlaxcala,31,14574,6599,7975
Tlaxcala,32,19506,8935,10571
Tlaxcala,33,17673,8194,9479
Tlaxcala,34,16848,7747,9101
Tlaxcala,35,18340,8452,9888
Tlaxcala,36,17828,8196,9632
Tlaxcala,37,15708,7401,8307
Tlaxcala,38,18085,8435,9650
Tlaxcala,39,14599,6813,7786
Tlaxcala,40,18995,8722,10273
Tlaxcala,41,10929,5122,5807
Tlaxcala,42,16522,7856,8666
Tlaxcala,43,12780,5991,6789
Tlaxcala,44,11804,5448,6356
Tlaxcala,45,14160,6647,7513
Tlaxcala,46,11368,5268,6100
Tlaxcala,47,10747,5101,5646
Tlaxcala,48,11977,5593,6384
Tlaxcala,49,10570,4903,5667
Tlaxcala,50,13630,6353,7277
Tlaxcala,51,7795,3722,4073
Tlaxcala,52,10436,4954,5482
Tlaxcala,53,8766,4043,4723
Tlaxcala,54,8735,4007,4728
Tlaxcala,55,8986,4219,4767
Tlaxcala,56,8040,3785,4255
Tlaxcala,57,6284,3000,3284
Tlaxcala,58,6831,3284,3547
Tlaxcala,59,6030,2922,3108
Tlaxcala,60,8094,3912,4182
Tlaxcala,61,3956,1852,2104
Tlaxcala,62,5675,2702,2973
Tlaxcala,63,5586,2620,2966
Tlaxcala,64,5219,2511,2708
Tlaxcala,65,5893,2746,3147
Tlaxcala,66,4114,1960,2154
Tlaxcala,67,3938,1899,2039
Tlaxcala,68,4335,2012,2323
Tlaxcala,69,3717,1736,1981
Tlaxcala,70,4983,2339,2644
Tlaxcala,71,2279,1083,1196
Tlaxcala,72,3750,1759,1991
Tlaxcala,73,3237,1474,1763
Tlaxcala,74,3248,1542,1706
Tlaxcala,75,3351,1547,1804
Tlaxcala,76,2783,1308,1475
Tlaxcala,77,2278,1081,1197
Tlaxcala,78,2747,1299,1448
Tlaxcala,79,1850,873,977
Tlaxcala,80,2667,1204,1463
Tlaxcala,81,1260,603,657
Tlaxcala,82,1709,786,923
Tlaxcala,83,1492,707,785
Tlaxcala,84,1613,756,857
Tlaxcala,85,1532,689,843
Tlaxcala,86,1246,589,657
Tlaxcala,87,1065,468,597
Tlaxcala,88,927,429,498
Tlaxcala,89,707,318,389
Tlaxcala,90,741,325,416
Tlaxcala,91,290,131,159
Tlaxcala,92,392,164,228
Tlaxcala,93,328,151,177
Tlaxcala,94,246,109,137
Tlaxcala,95,212,84,128
Tlaxcala,96,208,83,125
Tlaxcala,97,126,47,79
Tlaxcala,98,155,68,87
Tlaxcala,99,93,36,57
Tlaxcala,100,187,75,112
Tlaxcala,NE,5440,2694,2746
Veracruz de Ignacio de la Llave,0,125878,64029,61849
Veracruz de Ignacio de la Llave,1,128508,65430,63078
Veracruz de Ignacio de la Llave,2,133883,67713,66170
Veracruz de Ignacio de la Llave,3,136684,69073,67611
Veracruz de Ignacio de la Llave,4,137335,69654,67681
Veracruz de Ignacio de la Llave,5,137886,70335,67551
Veracruz de Ignacio de la Llave,6,141326,71442,69884
Veracruz de Ignacio de la Llave,7,146461,74558,71903
Veracruz de Ignacio de la Llave,8,151226,77147,74079
Veracruz de Ignacio de la Llave,9,151868,76293,75575
Veracruz de Ignacio de la Llave,10,156611,80403,76208
Veracruz de Ignacio de la Llave,11,140386,71237,69149
Veracruz de Ignacio de la Llave,12,148556,75581,72975
Veracruz de Ignacio de la Llave,13,143845,72925,70920
Veracruz de Ignacio de la Llave,14,152128,76778,75350
Veracruz de Ignacio de la Llave,15,156720,78981,77739
Veracruz de Ignacio de la Llave,16,149496,75252,74244
Veracruz de Ignacio de la Llave,17,159268,80743,78525
Veracruz de Ignacio de la Llave,18,159463,80368,79095
Veracruz de Ignacio de la Llave,19,134441,66007,68434
Veracruz de Ignacio de la Llave,20,142829,69427,73402
Veracruz de Ignacio de la Llave,21,119080,56859,62221
Veracruz de Ignacio de la Llave,22,133139,64220,68919
Veracruz de Ignacio de la Llave,23,126108,59901,66207
Veracruz de Ignacio de la Llave,24,120937,57155,63782
Veracruz de Ignacio de la Llave,25,119606,55798,63808
Veracruz de Ignacio de la Llave,26,110998,51364,59634
Veracruz de Ignacio de la Llave,27,110057,51313,58744
Veracruz de Ignacio de la Llave,28,113891,53299,60592
Veracruz de Ignacio de la Llave,29,103210,47379,55831
Veracruz de Ignacio de la Llave,30,129718,60390,69328
Veracruz de Ignacio de la Llave,31,86765,39115,47650
Veracruz de Ignacio de la Llave,32,113149,51387,61762
Veracruz de Ignacio de la Llave,33,107440,49008,58432
Veracruz de Ignacio de la Llave,34,102613,47194,55419
Veracruz de Ignacio de la Llave,35,110611,50932,59679
Veracruz de Ignacio de la Llave,36,112422,51916,60506
Veracruz de Ignacio de la Llave,37,103131,47639,55492
Veracruz de Ignacio de la Llave,38,117751,55282,62469
Veracruz de Ignacio de la Llave,39,98839,45508,53331
Veracruz de Ignacio de la Llave,40,125836,59266,66570
Veracruz de Ignacio de la Llave,41,74648,34831,39817
Veracruz de Ignacio de la Llave,42,110945,52718,58227
Veracruz de Ignacio de la Llave,43,89460,41557,47903
Veracruz de Ignacio de la Llave,44,85921,40285,45636
Veracruz de Ignacio de la Llave,45,96561,45831,50730
Veracruz de Ignacio de la Llave,46,82697,39184,43513
Veracruz de Ignacio de la Llave,47,79847,37875,41972
Veracruz de Ignacio de la Llave,48,86677,41223,45454
Veracruz de Ignacio de la Llave,49,79063,37402,41661
Veracruz de Ignacio de la Llave,50,96692,46009,50683
Veracruz de Ignacio de la Llave,51,57545,27295,30250
Veracruz de Ignacio de la Llave,52,75912,36104,39808
Veracruz de Ignacio de la Llave,53,66770,31576,35194
Veracruz de Ignacio de la Llave,54,68672,31818,36854
Veracruz de Ignacio de la Llave,55,72260,34387,37873
Veracruz de Ignacio de la Llave,56,63774,30740,33034
Veracruz de Ignacio de la Llave,57,51571,24764,26807
Veracruz de Ignacio de la Llave,58,57531,27410,30121
Veracruz de Ignacio de la Llave,59,53035,25318,27717
Veracruz de Ignacio de la Llave,60,68707,33037,35670
Veracruz de Ignacio de la Llave,61,34529,16494,18035
Veracruz de Ignacio de la Llave,62,47041,22269,24772
Veracruz de Ignacio de la Llave,63,46786,22288,24498
Veracruz de Ignacio de la Llave,64,42635,19960,22675
Veracruz de Ignacio de la Llave,65,44426,20963,23463
Veracruz de Ignacio de la Llave,66,35617,17101,18516
Veracruz de Ignacio de la Llave,67,33297,15979,17318
Veracruz de Ignacio de la Llave,68,36429,17156,19273
Veracruz de Ignacio de la Llave,69,34067,16166,17901
Veracruz de Ignacio de la Llave,70,46224,21458,24766
Veracruz de Ignacio de la Llave,71,21872,10361,11511
Veracruz de Ignacio de la Llave,72,31838,14973,16865
Veracruz de Ignacio de la Llave,73,28278,13057,15221
Veracruz de Ignacio de la Llave,74,27134,12698,14436
Veracruz de Ignacio de la Llave,75,27128,12576,14552
Veracruz de Ignacio de la Llave,76,20967,9886,11081
Veracruz de Ignacio de la Llave,77,17274,8056,9218
Veracruz de Ignacio de la Llave,78,19917,9243,10674
Veracruz de Ignacio de la Llave,79,14833,6897,7936
Veracruz de Ignacio de la Llave,80,21782,9658,12124
Veracruz de Ignacio de la Llave,81,8942,4199,4743
Veracruz de Ignacio de la Llave,82,11494,5259,6235
Veracruz de Ignacio de la Llave,83,9948,4504,5444
Veracruz de Ignacio de la Llave,84,10461,4674,5787
Veracruz de Ignacio de la Llave,85,10906,4818,6088
Veracruz de Ignacio de la Llave,86,7990,3680,4310
Veracruz de Ignacio de la Llave,87,6493,2847,3646
Veracruz de Ignacio de la Llave,88,5669,2504,3165
Veracruz de Ignacio de la Llave,89,4507,1930,2577
Veracruz de Ignacio de la Llave,90,5734,2360,3374
Veracruz de Ignacio de la Llave,91,1827,800,1027
Veracruz de Ignacio de la Llave,92,2323,994,1329
Veracruz de Ignacio de la Llave,93,1783,767,1016
Veracruz de Ignacio de la Llave,94,1546,650,896
Veracruz de Ignacio de la Llave,95,1714,668,1046
Veracruz de Ignacio de la Llave,96,1413,600,813
Veracruz de Ignacio de la Llave,97,905,399,506
Veracruz de Ignacio de la Llave,98,1138,480,658
Veracruz de Ignacio de la Llave,99,797,356,441
Veracruz de Ignacio de la Llave,100,2186,890,1296
Veracruz de Ignacio de la Llave,NE,94957,47396,47561
Yucatán,0,32656,16628,16028
Yucatán,1,33040,16710,16330
Yucatán,2,34750,17592,17158
Yucatán,3,35024,17453,17571
Yucatán,4,35257,17836,17421
Yucatán,5,34762,17641,17121
Yucatán,6,36052,18062,17990
Yucatán,7,36411,18411,18000
Yucatán,8,36750,18938,17812
Yucatán,9,37612,18840,18772
Yucatán,10,38720,19752,18968
Yucatán,11,34700,17699,17001
Yucatán,12,36539,18645,17894
Yucatán,13,35648,18162,17486
Yucatán,14,36997,18663,18334
Yucatán,15,38776,19752,19024
Yucatán,16,37518,18920,18598
Yucatán,17,40297,20244,20053
Yucatán,18,39854,20142,19712
Yucatán,19,35582,17555,18027
Yucatán,20,39503,19623,19880
Yucatán,21,34751,17242,17509
Yucatán,22,37773,18932,18841
Yucatán,23,36209,17931,18278
Yucatán,24,35086,17285,17801
Yucatán,25,34369,16949,17420
Yucatán,26,32213,15706,16507
Yucatán,27,32137,15781,16356
Yucatán,28,32485,15875,16610
Yucatán,29,29151,14132,15019
Yucatán,30,35740,17610,18130
Yucatán,31,24617,11726,12891
Yucatán,32,31089,14838,16251
Yucatán,33,31150,15043,16107
Yucatán,34,28844,13912,14932
Yucatán,35,31903,15247,16656
Yucatán,36,30078,14551,15527
Yucatán,37,28246,13540,14706
Yucatán,38,29615,14515,15100
Yucatán,39,25363,12145,13218
Yucatán,40,30468,14896,15572
Yucatán,41,18500,8816,9684
Yucatán,42,25781,12615,13166
Yucatán,43,21439,10183,11256
Yucatán,44,20511,9755,10756
Yucatán,45,23704,11456,12248
Yucatán,46,19313,9039,10274
Yucatán,47,19349,9314,10035
Yucatán,48,20191,9763,10428
Yucatán,49,18645,8956,9689
Yucatán,50,23259,11176,12083
Yucatán,51,13934,6598,7336
Yucatán,52,18103,8659,9444
Yucatán,53,16154,7611,8543
Yucatán,54,16468,7770,8698
Yucatán,55,17663,8407,9256
Yucatán,56,15865,7702,8163
Yucatán,57,13264,6399,6865
Yucatán,58,13771,6511,7260
Yucatán,59,12856,6335,6521
Yucatán,60,17365,8560,8805
Yucatán,61,9610,4532,5078
Yucatán,62,12517,6003,6514
Yucatán,63,12183,5829,6354
Yucatán,64,9897,4723,5174
Yucatán,65,11363,5443,5920
Yucatán,66,8685,4109,4576
Yucatán,67,8249,4046,4203
Yucatán,68,8250,3821,4429
Yucatán,69,7545,3852,3693
Yucatán,70,9889,4750,5139
Yucatán,71,5594,2768,2826
Yucatán,72,7590,3667,3923
Yucatán,73,6581,3142,3439
Yucatán,74,6125,3007,3118
Yucatán,75,6469,3140,3329
Yucatán,76,4914,2354,2560
Yucatán,77,4446,2238,2208
Yucatán,78,4954,2464,2490
Yucatán,79,3775,1875,1900
Yucatán,80,4801,2315,2486
Yucatán,81,2336,1109,1227
Yucatán,82,2960,1411,1549
Yucatán,83,2722,1322,1400
Yucatán,84,2808,1334,1474
Yucatán,85,2741,1366,1375
Yucatán,86,2209,1095,1114
Yucatán,87,1788,823,965
Yucatán,88,1521,740,781
Yucatán,89,1281,594,687
Yucatán,90,1460,679,781
Yucatán,91,592,263,329
Yucatán,92,682,320,362
Yucatán,93,630,286,344
Yucatán,94,451,195,256
Yucatán,95,342,134,208
Yucatán,96,346,167,179
Yucatán,97,224,112,112
Yucatán,98,224,97,127
Yucatán,99,153,76,77
Yucatán,100,202,88,114
Yucatán,NE,12598,6295,6303
Zacatecas,0,29908,15208,14700
Zacatecas,1,29459,14957,14502
Zacatecas,2,31046,15955,15091
Zacatecas,3,30921,15565,15356
Zacatecas,4,30703,15635,15068
Zacatecas,5,30221,15353,14868
Zacatecas,6,30244,15224,15020
Zacatecas,7,30151,15348,14803
Zacatecas,8,30389,15405,14984
Zacatecas,9,30775,15568,15207
Zacatecas,10,31977,16292,15685
Zacatecas,11,29710,14945,14765
Zacatecas,12,30539,15474,15065
Zacatecas,13,29496,14941,14555
Zacatecas,14,30432,15400,15032
Zacatecas,15,31006,15769,15237
Zacatecas,16,29854,14821,15033
Zacatecas,17,31360,15747,15613
Zacatecas,18,31401,15781,15620
Zacatecas,19,26878,13051,13827
Zacatecas,20,28597,13706,14891
Zacatecas,21,25027,11937,13090
Zacatecas,22,26950,12835,14115
Zacatecas,23,25888,12113,13775
Zacatecas,24,24617,11417,13200
Zacatecas,25,23737,11093,12644
Zacatecas,26,21837,10095,11742
Zacatecas,27,21527,10161,11366
Zacatecas,28,21254,10027,11227
Zacatecas,29,19462,9040,10422
Zacatecas,30,24395,11436,12959
Zacatecas,31,17508,8175,9333
Zacatecas,32,22620,10395,12225
Zacatecas,33,20765,9704,11061
Zacatecas,34,20139,9527,10612
Zacatecas,35,21548,10323,11225
Zacatecas,36,20983,10056,10927
Zacatecas,37,19319,9304,10015
Zacatecas,38,21407,10149,11258
Zacatecas,39,18070,8641,9429
Zacatecas,40,21796,10283,11513
Zacatecas,41,14635,6876,7759
Zacatecas,42,20138,9802,10336
Zacatecas,43,16823,7835,8988
Zacatecas,44,15587,7327,8260
Zacatecas,45,17369,8370,8999
Zacatecas,46,14665,6974,7691
Zacatecas,47,14052,6617,7435
Zacatecas,48,14509,6813,7696
Zacatecas,49,13415,6337,7078
Zacatecas,50,16750,7864,8886
Zacatecas,51,9983,4740,5243
Zacatecas,52,12687,6031,6656
Zacatecas,53,11867,5693,6174
Zacatecas,54,11161,5194,5967
Zacatecas,55,11406,5425,5981
Zacatecas,56,10150,4968,5182
Zacatecas,57,8443,4094,4349
Zacatecas,58,9206,4409,4797
Zacatecas,59,8536,4106,4430
Zacatecas,60,11032,5334,5698
Zacatecas,61,6030,2863,3167
Zacatecas,62,8193,3920,4273
Zacatecas,63,8125,3862,4263
Zacatecas,64,7710,3753,3957
Zacatecas,65,8194,4003,4191
Zacatecas,66,6841,3254,3587
Zacatecas,67,6312,3074,3238
Zacatecas,68,6689,3213,3476
Zacatecas,69,6070,3140,2930
Zacatecas,70,8231,4014,4217
Zacatecas,71,4248,2056,2192
Zacatecas,72,6067,2976,3091
Zacatecas,73,5358,2546,2812
Zacatecas,74,5321,2543,2778
Zacatecas,75,5485,2683,2802
Zacatecas,76,4462,2222,2240
Zacatecas,77,3771,1923,1848
Zacatecas,78,4298,2113,2185
Zacatecas,79,3006,1522,1484
Zacatecas,80,4358,2090,2268
Zacatecas,81,1981,1022,959
Zacatecas,82,2712,1341,1371
Zacatecas,83,2412,1212,1200
Zacatecas,84,2478,1203,1275
Zacatecas,85,2499,1210,1289
Zacatecas,86,1904,945,959
Zacatecas,87,1592,773,819
Zacatecas,88,1370,685,685
Zacatecas,89,1142,539,603
Zacatecas,90,1175,543,632
Zacatecas,91,395,189,206
Zacatecas,92,532,238,294
Zacatecas,93,381,178,203
Zacatecas,94,349,148,201
Zacatecas,95,300,134,166
Zacatecas,96,289,130,159
Zacatecas,97,207,91,116
Zacatecas,98,231,104,127
Zacatecas,99,149,67,82
Zacatecas,100,253,102,151
Zacatecas,NE,13218,6608,6610
